16 2 2 0
24 5 3 0
32 8 4 0
40 12 5 0
48 16 6 0
56 20 7 0
64 22 7 0
72 29 9 0
80 32 9 0
88 39 11 0
96 44 12 0
104 49 13 0
112 50 12 0
120 57 14 0
128 64 16 0
136 70 17 0
144 76 18 0
152 78 17 0
160 86 19 0
168 86 17 0
176 98 21 0
184 104 22 0
192 108 22 0
200 110 21 0
208 111 20 0
216 124 24 0
224 130 25 0
232 132 24 0
240 140 26 0
248 150 29 0
256 154 29 0
264 154 27 0
272 154 25 0
280 173 31 0
288 176 30 0
296 189 34 0
304 179 28 0
312 193 31 0
320 201 33 0
328 202 31 0
336 214 34 0
344 223 36 0
352 228 36 0
360 222 32 0
368 235 35 0
376 248 39 0
384 252 39 0
392 247 34 0
400 259 38 0
408 263 37 0
416 282 43 0
424 285 43 0
432 296 45 0
440 286 38 0
448 299 42 0
456 309 45 0
464 301 40 0
472 311 42 0
480 329 47 0
488 324 42 0
496 336 46 0
504 349 49 0
512 339 44 0
520 366 53 0
528 349 43 0
536 369 49 0
544 374 49 0
552 386 51 0
560 376 45 0
568 388 49 0
576 400 50 0
584 393 46 0
592 416 53 0
600 420 52 0
608 428 52 0
616 443 56 0
624 436 53 0
632 445 53 0
640 448 52 0
648 458 54 0
656 473 58 0
664 472 55 0
672 480 57 0
680 479 51 0
688 496 57 0
696 502 57 0
704 513 60 0
712 507 55 0
720 532 64 0
728 539 63 0
736 532 58 0
744 539 59 0
752 547 62 0
760 553 61 0
768 565 62 0
776 575 64 0
784 566 60 0
792 578 61 0
800 596 66 0
808 591 63 0
816 601 63 0
824 613 67 0
832 615 65 0
840 610 62 0
848 614 62 0
856 643 69 1
864 647 68 0
872 642 66 0
880 648 67 0
888 643 61 0
896 663 67 0
904 659 64 0
912 673 66 0
920 671 67 0
928 683 66 0
936 691 66 0
944 685 63 0
952 704 70 0
960 708 66 0
968 707 64 0
976 724 70 0
984 711 63 0
992 720 62 0
1000 749 71 0
1008 754 70 0
1016 763 71 0
1024 780 75 1
1032 765 69 0
1040 769 68 0
1048 771 68 0
1056 797 74 0
1064 794 71 0
1072 813 77 1
1080 811 70 0
1088 815 71 0
1096 833 75 1
1104 830 73 0
1112 838 73 0
1120 849 76 1
1128 865 77 1
1136 862 76 1
1144 866 75 1
1152 883 77 1
1160 888 78 0
1168 893 79 1
1176 879 71 0
1184 906 77 1
1192 912 78 1
1200 925 79 1
1208 928 80 1
1216 936 79 1
1224 943 80 1
1232 938 74 1
1240 965 82 1
1248 956 77 1
1256 982 83 1
1264 953 73 1
1272 959 73 1
1280 977 76 1
1288 993 79 1
1296 987 75 0
1304 1003 78 1
1312 1009 80 1
1320 1009 77 1
1328 1023 80 1
1336 1029 78 1
1344 1033 78 1
1352 1024 75 1
1360 1036 77 1
1368 1055 80 1
1376 1058 78 1
1384 1056 78 1
1392 1077 82 1
1400 1090 81 1
1408 1086 81 1
1416 1082 76 1
1424 1109 82 1
1432 1110 81 1
1440 1116 79 1
1448 1133 83 1
1456 1129 82 1
1464 1128 79 1
1472 1150 86 1
1480 1159 86 1
1488 1148 80 1
1496 1168 83 1
1504 1174 83 1
1512 1163 76 1
1520 1193 83 1
1528 1189 84 1
1536 1193 85 1
1544 1186 82 1
1552 1201 83 1
1560 1207 82 1
1568 1223 81 1
1576 1231 84 1
1584 1244 86 1
1592 1241 82 1
1600 1261 86 1
1608 1257 83 1
1616 1247 81 1
1624 1289 91 1
1632 1281 86 1
1640 1283 83 1
1648 1283 83 1
1656 1291 84 1
1664 1297 85 1
1672 1300 86 1
1680 1322 88 1
1688 1304 81 1
1696 1322 83 1
1704 1353 90 1
1712 1330 85 1
1720 1338 85 1
1728 1342 84 1
1736 1353 83 1
1744 1365 85 1
1752 1387 89 1
1760 1369 85 1
1768 1369 80 1
1776 1393 87 1
1784 1394 85 1
1792 1405 86 1
1800 1406 84 1
1808 1425 89 1
1816 1419 85 1
1824 1431 87 1
1832 1422 84 1
1840 1450 89 1
1848 1464 89 1
1856 1464 88 1
1864 1456 89 1
1872 1467 85 1
1880 1479 89 1
1888 1458 82 1
1896 1477 85 1
1904 1514 90 1
1912 1499 87 1
1920 1509 85 1
1928 1509 86 1
1936 1514 85 1
1944 1533 88 1
1952 1516 82 1
1960 1544 90 1
1968 1553 90 1
1976 1561 90 1
1984 1578 92 1
1992 1553 85 1
2000 1571 89 1
2008 1584 88 1
2016 1598 90 1
2024 1593 89 1
2032 1608 90 1
2040 1601 87 1
2048 1613 90 1
2056 1609 87 1
2064 1595 82 1
2072 1635 87 1
2080 1651 89 1
2088 1649 88 1
2096 1644 89 1
2104 1636 87 1
2112 1658 84 1
2120 1679 92 1
2128 1673 85 1
2136 1685 90 1
2144 1700 92 1
2152 1710 90 1
2160 1715 89 1
2168 1712 90 1
2176 1724 89 1
2184 1734 89 1
2192 1733 90 1
2200 1751 91 1
2208 1754 93 1
2216 1736 84 1
2224 1744 90 1
2232 1778 93 1
2240 1768 90 1
2248 1767 89 1
2256 1778 88 1
2264 1801 91 1
2272 1800 89 1
2280 1795 90 1
2288 1825 92 1
2296 1828 91 1
2304 1832 90 1
2312 1834 92 1
2320 1828 90 1
2328 1855 91 1
2336 1862 90 1
2344 1849 89 1
2352 1856 87 2
2360 1874 92 1
2368 1867 89 1
2376 1889 91 1
2384 1871 87 1
2392 1902 90 1
2400 1905 93 1
2408 1908 89 1
2416 1920 92 1
2424 1925 91 1
2432 1941 90 1
2440 1933 89 1
2448 1949 93 2
2456 1957 94 2
2464 1952 92 1
2472 1973 92 2
2480 1982 93 1
2488 1970 90 1
2496 1974 90 1
2504 1975 88 1
2512 2019 94 1
2520 2010 92 2
2528 1999 89 1
2536 2019 92 2
2544 2017 92 1
2552 2030 90 1
2560 2039 93 2
2568 2051 92 2
2576 2062 92 2
2584 2075 94 2
2592 2056 93 2
2600 2066 90 1
2608 2076 92 2
2616 2085 92 2
2624 2096 93 2
2632 2093 91 2
2640 2100 91 2
2648 2122 91 2
2656 2122 93 2
2664 2113 88 1
2672 2129 92 1
2680 2148 93 2
2688 2157 93 2
2696 2148 90 2
2704 2174 95 2
2712 2167 92 1
2720 2184 94 2
2728 2190 93 1
2736 2186 93 2
2744 2186 92 1
2752 2209 92 2
2760 2192 91 1
2768 2220 93 2
2776 2226 94 2
2784 2203 92 1
2792 2239 91 2
2800 2237 92 1
2808 2237 91 2
2816 2255 94 2
2824 2273 94 2
2832 2284 95 2
2840 2272 92 2
2848 2285 93 2
2856 2299 94 2
2864 2302 93 2
2872 2304 92 3
2880 2313 93 2
2888 2312 93 2
2896 2327 94 2
2904 2333 93 2
2912 2325 92 2
2920 2348 95 2
2928 2350 94 2
2936 2349 92 2
2944 2349 94 2
2952 2377 93 2
2960 2374 93 2
2968 2375 94 2
2976 2379 93 2
2984 2394 94 2
2992 2409 94 2
3000 2394 91 2
3008 2425 94 2
3016 2431 94 2
3024 2437 94 2
3032 2422 92 2
3040 2433 91 2
3048 2439 93 2
3056 2472 95 2
3064 2453 93 2
3072 2474 94 2
3080 2466 93 2
3088 2481 94 2
3096 2465 94 2
3104 2498 94 2
3112 2491 93 2
3120 2509 93 2
3128 2504 94 2
3136 2514 94 2
3144 2534 95 2
3152 2537 95 2
3160 2522 94 2
3168 2561 94 2
3176 2542 93 2
3184 2553 92 2
3192 2568 94 2
3200 2557 93 2
3208 2576 94 2
3216 2581 93 2
3224 2569 93 2
3232 2598 94 2
3240 2619 94 2
3248 2582 94 2
3256 2626 94 2
3264 2635 95 2
3272 2628 93 2
3280 2640 95 2
3288 2648 94 2
3296 2650 94 2
3304 2650 94 2
3312 2675 95 2
3320 2695 95 2
3328 2681 94 2
3336 2688 95 2
3344 2686 93 2
3352 2714 95 2
3360 2680 91 2
3368 2695 93 2
3376 2720 94 2
3384 2716 93 2
3392 2715 93 2
3400 2720 95 2
3408 2745 94 2
3416 2735 94 2
3424 2748 94 2
3432 2767 95 2
3440 2771 94 2
3448 2759 92 2
3456 2789 94 2
3464 2786 95 2
3472 2779 91 2
3480 2796 93 2
3488 2829 95 2
3496 2807 93 2
3504 2799 93 2
3512 2829 94 2
3520 2841 95 2
3528 2859 94 2
3536 2853 95 2
3544 2864 94 2
3552 2862 92 2
3560 2859 92 2
3568 2873 95 2
3576 2891 95 2
3584 2893 95 2
3592 2885 94 2
3600 2915 94 2
3608 2891 94 2
3616 2916 94 2
3624 2911 95 2
3632 2928 94 2
3640 2918 93 2
3648 2943 95 2
3656 2955 95 2
3664 2940 92 2
3672 2952 95 2
3680 2954 93 2
3688 2980 95 2
3696 2962 92 2
3704 2988 95 2
3712 2998 94 2
3720 3012 95 2
3728 3019 95 2
3736 3012 95 2
3744 3023 95 2
3752 3023 94 2
3760 3033 94 2
3768 3034 94 2
3776 3045 94 2
3784 3048 95 2
3792 3074 95 2
3800 3073 94 2
3808 3068 94 2
3816 3081 94 2
3824 3089 93 2
3832 3088 95 2
3840 3085 94 2
3848 3114 95 2
3856 3104 95 2
3864 3127 95 2
3872 3110 94 2
3880 3131 94 2
3888 3159 95 2
3896 3151 95 2
3904 3136 94 2
3912 3162 94 2
3920 3165 95 3
3928 3167 95 2
3936 3182 95 2
3944 3154 93 2
3952 3186 94 2
3960 3196 94 2
3968 3203 95 2
3976 3217 95 2
3984 3222 95 2
3992 3219 95 2
4000 3246 95 2
4008 3224 95 2
4016 3247 94 2
4024 3240 95 2
4032 3246 94 2
4040 3268 95 2
4048 3251 93 2
4056 3281 95 2
4064 3284 95 2
4072 3307 95 2
4080 3307 95 2
4088 3311 95 2
4096 3312 95 2
4104 3342 95 2
4112 3322 95 2
4120 3319 94 2
4128 3358 94 2
4136 3329 95 2
4144 3358 95 2
4152 3365 94 2
4160 3359 93 2
4168 3359 95 2
4176 3366 95 2
4184 3378 95 2
4192 3394 95 2
4200 3410 95 2
4208 3402 95 2
4216 3422 95 2
4224 3398 95 2
4232 3430 95 2
4240 3432 94 2
4248 3423 93 2
4256 3428 94 2
4264 3464 95 2
4272 3450 94 2
4280 3445 95 2
4288 3456 93 2
4296 3460 95 2
4304 3474 94 2
4312 3492 95 2
4320 3501 95 2
4328 3492 94 2
4336 3517 95 2
4344 3519 94 2
4352 3526 95 2
4360 3534 95 2
4368 3523 95 2
4376 3520 95 2
4384 3556 95 2
4392 3559 95 2
4400 3576 95 2
4408 3553 95 2
4416 3571 95 2
4424 3582 95 2
4432 3592 95 2
4440 3590 95 4
4448 3584 95 2
4456 3603 94 2
4464 3615 94 2
4472 3625 95 2
4480 3632 95 2
4488 3647 95 2
4496 3640 94 2
4504 3645 95 2
4512 3631 94 2
4520 3665 95 2
4528 3661 95 2
4536 3668 94 2
4544 3677 95 2
4552 3672 94 2
4560 3695 95 2
4568 3709 95 2
4576 3697 95 2
4584 3713 95 2
4592 3715 95 2
4600 3730 95 3
4608 3731 95 2
4616 3737 95 2
4624 3727 94 2
4632 3727 95 2
4640 3735 92 2
4648 3768 95 2
4656 3771 95 2
4664 3784 95 2
4672 3763 94 2
4680 3782 94 2
4688 3804 95 2
4696 3819 95 2
4704 3814 95 2
4712 3816 95 2
4720 3819 95 2
4728 3823 95 2
4736 3831 95 2
4744 3841 95 2
4752 3868 95 3
4760 3851 95 2
4768 3842 94 2
4776 3856 95 2
4784 3876 95 3
4792 3898 95 2
4800 3887 95 2
4808 3907 95 3
4816 3913 95 3
4824 3897 94 2
4832 3917 95 2
4840 3906 95 2
4848 3943 95 3
4856 3934 94 2
4864 3953 95 3
4872 3934 95 2
4880 3959 95 2
4888 3971 95 3
4896 3955 94 2
4904 3964 95 3
4912 3979 95 3
4920 3966 95 2
4928 4002 94 3
4936 3991 95 2
4944 4015 95 3
4952 4024 94 3
4960 4019 95 3
4968 4018 95 3
4976 4029 94 2
4984 4056 95 3
4992 4063 95 3
5000 4037 94 3
5008 4038 95 2
5016 4069 95 3
5024 4089 95 3
5032 4057 94 2
5040 4095 95 3
5048 4088 95 3
5056 4118 95 3
5064 4108 94 2
5072 4108 95 3
5080 4117 95 3
5088 4123 95 3
5096 4142 95 3
5104 4142 95 3
5112 4171 95 3
5120 4134 95 3
5128 4147 95 3
5136 4162 94 2
5144 4173 95 3
5152 4188 95 3
5160 4184 95 3
5168 4193 95 3
5176 4210 95 3
5184 4192 95 2
5192 4209 95 3
5200 4205 95 2
5208 4218 95 3
5216 4240 95 3
5224 4254 95 3
5232 4257 95 3
5240 4251 95 2
5248 4274 95 3
5256 4262 95 3
5264 4283 95 3
5272 4279 95 3
5280 4283 95 3
5288 4290 95 3
5296 4306 95 3
5304 4311 95 3
5312 4290 95 3
5320 4324 95 3
5328 4338 95 3
5336 4332 95 3
5344 4334 95 3
5352 4350 95 3
5360 4369 95 3
5368 4358 95 3
5376 4354 95 3
5384 4382 95 3
5392 4390 95 3
5400 4379 95 3
5408 4357 93 3
5416 4393 95 3
5424 4379 95 3
5432 4411 95 3
5440 4422 95 3
5448 4424 95 3
5456 4432 95 3
5464 4452 95 5
5472 4436 94 3
5480 4450 95 3
5488 4448 94 3
5496 4454 95 3
5504 4475 95 3
5512 4483 95 3
5520 4475 94 3
5528 4489 95 3
5536 4509 94 3
5544 4507 95 3
5552 4494 95 3
5560 4521 95 3
5568 4529 95 3
5576 4527 95 3
5584 4543 95 3
5592 4535 95 3
5600 4552 95 3
5608 4566 95 3
5616 4559 95 3
5624 4554 95 3
5632 4581 95 3
5640 4579 95 3
5648 4594 95 3
5656 4596 95 3
5664 4609 95 3
5672 4615 95 3
5680 4617 95 3
5688 4629 95 3
5696 4646 95 3
5704 4649 95 3
5712 4655 95 3
5720 4663 95 3
5728 4642 95 3
5736 4650 95 3
5744 4670 95 3
5752 4682 95 3
5760 4683 95 3
5768 4680 95 3
5776 4691 95 3
5784 4719 95 3
5792 4690 95 3
5800 4714 95 3
5808 4718 95 3
5816 4733 95 3
5824 4737 95 3
5832 4735 95 3
5840 4754 95 3
5848 4762 95 3
5856 4753 95 3
5864 4760 95 3
5872 4773 95 3
5880 4773 94 3
5888 4774 95 3
5896 4814 95 3
5904 4791 95 3
5912 4810 95 3
5920 4821 95 3
5928 4809 95 3
5936 4833 95 3
5944 4813 95 3
5952 4860 95 3
5960 4830 95 3
5968 4861 95 3
5976 4862 95 3
5984 4871 95 3
5992 4877 95 3
6000 4874 95 3
6008 4884 95 3
6016 4900 95 3
6024 4893 94 3
6032 4897 95 3
6040 4915 95 3
6048 4916 95 3
6056 4926 95 3
6064 4917 95 5
6072 4916 94 5
6080 4948 95 3
6088 4946 95 3
6096 4937 95 5
6104 4993 95 3
6112 4961 95 3
6120 4991 95 3
6128 4999 95 3
6136 4975 95 3
6144 4998 95 3
6152 5006 95 3
6160 5003 95 3
6168 5026 95 3
6176 5031 95 3
6184 5033 95 3
6192 5054 95 3
6200 5036 95 3
6208 5043 95 3
6216 5062 95 3
6224 5067 95 3
6232 5057 95 3
6240 5071 95 3
6248 5101 95 3
6256 5086 95 3
6264 5096 95 3
6272 5092 95 3
6280 5109 95 3
6288 5113 95 3
6296 5116 95 3
6304 5126 95 3
6312 5155 95 3
6320 5149 95 3
6328 5158 95 3
6336 5157 95 3
6344 5173 95 3
6352 5185 95 3
6360 5194 95 3
6368 5169 95 3
6376 5186 95 3
6384 5202 95 3
6392 5201 95 3
6400 5203 94 3
6408 5227 95 3
6416 5202 95 3
6424 5225 95 3
6432 5206 95 3
6440 5237 95 3
6448 5257 95 3
6456 5245 95 3
6464 5272 95 3
6472 5284 95 3
6480 5278 95 3
6488 5270 95 3
6496 5306 95 3
6504 5302 95 3
6512 5335 95 3
6520 5303 95 3
6528 5323 95 3
6536 5337 95 3
6544 5348 95 3
6552 5352 95 3
6560 5338 95 3
6568 5327 95 3
6576 5317 95 3
6584 5378 95 3
6592 5368 95 3
6600 5381 95 3
6608 5366 95 3
6616 5385 95 3
6624 5393 95 3
6632 5412 95 3
6640 5414 95 3
6648 5402 95 3
6656 5446 95 3
6664 5406 95 3
6672 5426 95 3
6680 5431 95 3
6688 5433 95 3
6696 5453 95 3
6704 5438 95 3
6712 5480 95 3
6720 5480 95 3
6728 5487 95 3
6736 5486 95 3
6744 5509 95 3
6752 5503 95 3
6760 5514 95 3
6768 5533 95 3
6776 5528 95 3
6784 5541 95 3
6792 5532 95 3
6800 5542 95 3
6808 5573 95 3
6816 5562 95 3
6824 5570 95 3
6832 5567 95 3
6840 5604 95 3
6848 5584 95 3
6856 5585 95 3
6864 5601 95 3
6872 5617 95 3
6880 5608 95 3
6888 5600 95 3
6896 5596 95 3
6904 5631 95 3
6912 5626 95 3
6920 5640 95 3
6928 5648 95 3
6936 5668 95 3
6944 5653 95 3
6952 5675 95 3
6960 5671 95 3
6968 5679 95 3
6976 5705 95 3
6984 5686 95 3
6992 5704 95 3
7000 5703 95 3
7008 5699 95 3
7016 5722 95 3
7024 5730 95 3
7032 5743 95 6
7040 5728 95 3
7048 5727 95 3
7056 5738 95 3
7064 5755 95 3
7072 5753 95 3
7080 5766 95 3
7088 5785 95 3
7096 5788 95 3
7104 5791 95 3
7112 5803 95 3
7120 5809 95 3
7128 5805 95 3
7136 5828 95 3
7144 5827 95 3
7152 5823 95 3
7160 5838 95 3
7168 5862 95 3
7176 5835 95 3
7184 5853 95 3
7192 5859 95 3
7200 5860 95 3
7208 5857 95 3
7216 5889 95 3
7224 5887 95 3
7232 5914 95 3
7240 5902 95 3
7248 5905 95 3
7256 5928 95 3
7264 5924 95 3
7272 5935 95 3
7280 5944 95 3
7288 5945 95 3
7296 5946 95 3
7304 5954 95 3
7312 5956 95 3
7320 5947 95 3
7328 5978 95 3
7336 6001 95 3
7344 6000 95 3
7352 6008 95 3
7360 6013 95 3
7368 5992 95 3
7376 6020 95 3
7384 6040 95 3
7392 6020 95 3
7400 6030 95 3
7408 6016 95 3
7416 6051 95 3
7424 6048 95 3
7432 6062 95 3
7440 6072 95 3
7448 6070 95 3
7456 6079 95 3
7464 6096 95 4
7472 6113 95 3
7480 6107 95 3
7488 6104 95 3
7496 6120 95 4
7504 6124 95 4
7512 6118 95 3
7520 6127 95 3
7528 6148 95 3
7536 6150 95 3
7544 6115 95 3
7552 6176 95 3
7560 6166 95 3
7568 6166 95 3
7576 6183 95 3
7584 6203 95 3
7592 6194 95 3
7600 6193 95 3
7608 6213 95 4
7616 6221 95 3
7624 6204 95 3
7632 6227 95 4
7640 6231 95 3
7648 6252 95 4
7656 6248 95 3
7664 6259 95 4
7672 6247 95 3
7680 6288 95 4
7688 6282 95 4
7696 6291 95 4
7704 6300 95 4
7712 6290 95 3
7720 6298 95 4
7728 6313 95 4
7736 6327 95 4
7744 6325 95 4
7752 6326 95 4
7760 6339 95 4
7768 6333 95 4
7776 6331 95 3
7784 6340 95 3
7792 6358 95 4
7800 6350 95 4
7808 6382 95 4
7816 6375 95 4
7824 6386 95 4
7832 6403 95 4
7840 6400 95 4
7848 6397 95 4
7856 6412 95 4
7864 6441 95 4
7872 6418 95 4
7880 6426 95 3
7888 6452 95 4
7896 6455 95 4
7904 6437 95 4
7912 6466 95 4
7920 6442 95 3
7928 6490 95 4
7936 6489 95 4
7944 6490 95 4
7952 6489 95 3
7960 6488 95 3
7968 6481 95 4
7976 6514 95 4
7984 6528 95 4
7992 6521 95 3
8000 6548 95 4
8008 6546 95 4
8016 6532 95 4
8024 6561 95 4
8032 6568 95 4
8040 6569 95 4
8048 6567 95 4
8056 6547 95 4
8064 6569 95 3
8072 6586 95 4
8080 6589 95 4
8088 6620 95 4
8096 6611 95 4
8104 6632 95 4
8112 6613 95 4
8120 6614 95 4
8128 6645 95 4
8136 6648 95 4
8144 6641 95 3
8152 6652 95 4
8160 6646 95 4
8168 6686 95 4
8176 6679 95 4
8184 6674 95 4
8192 6691 95 4
8200 6700 95 4
8208 6704 95 4
8216 6725 95 4
8224 6739 95 4
8232 6723 95 4
8240 6692 95 3
8248 6741 95 4
8256 6755 95 4
8264 6757 95 4
8272 6761 95 4
8280 6762 95 4
8288 6786 95 4
8296 6756 95 4
8304 6787 95 4
8312 6791 95 4
8320 6786 95 4
8328 6781 95 4
8336 6805 95 4
8344 6800 95 4
8352 6814 95 4
8360 6823 95 4
8368 6842 95 4
8376 6852 95 4
8384 6855 95 4
8392 6854 95 4
8400 6876 95 4
8408 6870 95 4
8416 6870 95 4
8424 6887 95 4
8432 6896 95 4
8440 6883 95 4
8448 6888 95 4
8456 6915 95 4
8464 6909 95 4
8472 6895 95 4
8480 6918 95 4
8488 6949 95 4
8496 6928 95 4
8504 6934 95 4
8512 6952 95 4
8520 6956 95 4
8528 6973 95 4
8536 6976 95 4
8544 6997 95 4
8552 6997 95 4
8560 6987 95 4
8568 6990 95 4
8576 7004 95 4
8584 7011 95 4
8592 7014 95 4
8600 7017 95 4
8608 7035 95 4
8616 7034 95 4
8624 7067 95 4
8632 7058 95 4
8640 7065 95 4
8648 7053 95 4
8656 7080 95 4
8664 7092 95 4
8672 7087 95 4
8680 7083 95 4
8688 7099 95 4
8696 7107 95 4
8704 7106 95 4
8712 7124 95 5
8720 7137 95 4
8728 7128 95 4
8736 7150 95 4
8744 7152 95 4
8752 7146 95 4
8760 7149 95 4
8768 7174 95 4
8776 7174 95 4
8784 7192 95 4
8792 7191 95 4
8800 7196 95 4
8808 7203 95 4
8816 7212 95 4
8824 7212 95 4
8832 7216 95 4
8840 7230 95 4
8848 7217 95 4
8856 7240 95 4
8864 7256 95 4
8872 7262 95 4
8880 7246 95 4
8888 7233 95 4
8896 7273 95 4
8904 7263 95 4
8912 7300 95 4
8920 7299 95 4
8928 7333 95 4
8936 7306 95 4
8944 7302 95 4
8952 7284 95 4
8960 7319 95 4
8968 7316 95 4
8976 7318 95 4
8984 7345 95 4
8992 7348 95 4
9000 7357 95 4
9008 7376 95 4
9016 7372 95 4
9024 7386 95 4
9032 7391 95 4
9040 7383 95 4
9048 7402 95 4
9056 7396 95 4
9064 7422 95 4
9072 7401 95 4
9080 7426 95 4
9088 7429 95 4
9096 7431 95 4
9104 7439 95 4
9112 7461 95 4
9120 7472 95 4
9128 7446 95 4
9136 7471 95 4
9144 7464 95 4
9152 7495 95 4
9160 7486 95 4
9168 7498 95 5
9176 7496 95 4
9184 7505 95 4
9192 7520 95 4
9200 7526 95 4
9208 7532 95 4
9216 7529 95 4
9224 7526 95 4
9232 7523 95 4
9240 7561 95 4
9248 7570 95 4
9256 7585 95 4
9264 7572 95 4
9272 7584 95 4
9280 7580 95 4
9288 7592 95 4
9296 7610 95 4
9304 7605 95 4
9312 7611 95 4
9320 7611 95 4
9328 7613 95 4
9336 7630 95 4
9344 7622 95 4
9352 7668 95 4
9360 7642 95 4
9368 7657 95 4
9376 7672 95 4
9384 7652 95 4
9392 7681 95 4
9400 7664 95 4
9408 7702 95 4
9416 7704 95 4
9424 7705 95 4
9432 7705 95 4
9440 7711 95 4
9448 7717 95 4
9456 7749 95 4
9464 7746 95 4
9472 7754 95 4
9480 7747 95 4
9488 7767 95 4
9496 7761 95 4
9504 7798 95 4
9512 7789 95 4
9520 7762 95 4
9528 7797 95 4
9536 7797 95 4
9544 7812 95 4
9552 7795 95 4
9560 7813 95 4
9568 7815 95 4
9576 7824 95 4
9584 7839 95 4
9592 7833 95 4
9600 7867 95 4
9608 7861 95 4
9616 7863 95 4
9624 7884 95 4
9632 7885 95 4
9640 7883 95 4
9648 7896 95 4
9656 7901 95 4
9664 7894 95 4
9672 7907 95 4
9680 7911 95 4
9688 7934 95 4
9696 7947 95 4
9704 7947 95 4
9712 7935 95 4
9720 7951 95 4
9728 7930 95 4
9736 7948 95 4
9744 7965 95 4
9752 7960 95 4
9760 7984 95 4
9768 7984 95 4
9776 8000 95 4
9784 8010 95 4
9792 7998 95 4
9800 8029 95 4
9808 8021 95 4
9816 8008 95 4
9824 8050 95 4
9832 8050 95 4
9840 8057 95 4
9848 8047 95 4
9856 8056 95 4
9864 8090 95 4
9872 8084 95 4
9880 8110 95 4
9888 8086 95 4
9896 8100 95 4
9904 8101 95 4
9912 8119 95 4
9920 8111 95 5
9928 8130 95 4
9936 8123 95 4
9944 8137 95 4
9952 8153 95 4
9960 8132 95 4
9968 8153 95 4
9976 8136 95 4
9984 8178 95 4
9992 8181 95 4
10000 8175 95 4
10008 8183 95 4
10016 8188 95 5
10024 8207 95 4
10032 8196 95 4
10040 8210 95 4
10048 8217 95 4
10056 8228 95 4
10064 8239 95 4
10072 8213 95 4
10080 8274 95 4
10088 8244 95 4
10096 8253 95 4
10104 8257 95 4
10112 8287 95 4
10120 8292 95 4
10128 8262 95 4
10136 8292 95 4
10144 8303 95 4
10152 8297 95 4
10160 8311 95 4
10168 8333 95 4
10176 8331 95 4
10184 8324 95 4
10192 8333 95 4
10200 8349 95 4
10208 8345 95 4
10216 8374 95 4
10224 8378 95 4
10232 8364 95 4
10240 8365 95 4
10248 8385 95 4
10256 8376 95 4
10264 8400 95 4
10272 8414 95 4
10280 8407 95 4
10288 8432 95 4
10296 8431 95 4
10304 8432 95 4
10312 8423 95 4
10320 8444 95 4
10328 8436 95 4
10336 8464 95 4
10344 8464 95 4
10352 8453 95 4
10360 8482 95 4
10368 8485 95 4
10376 8483 95 4
10384 8505 95 4
10392 8508 95 5
10400 8522 95 4
10408 8514 95 4
10416 8509 95 4
10424 8535 95 4
10432 8528 95 4
10440 8560 95 4
10448 8547 95 5
10456 8556 95 5
10464 8557 95 5
10472 8564 95 4
10480 8586 95 4
10488 8603 95 5
10496 8585 95 4
10504 8603 95 5
10512 8617 95 4
10520 8632 95 4
10528 8626 95 4
10536 8615 95 5
10544 8626 95 5
10552 8659 95 4
10560 8659 95 5
10568 8649 95 5
10576 8655 95 4
10584 8672 95 4
10592 8679 95 4
10600 8683 95 5
10608 8686 95 5
10616 8711 95 5
10624 8723 95 5
10632 8686 95 5
10640 8719 95 5
10648 8726 95 5
10656 8741 95 5
10664 8739 95 4
10672 8732 95 5
10680 8730 95 5
10688 8749 95 5
10696 8783 95 5
10704 8758 95 5
10712 8767 95 5
10720 8787 95 5
10728 8793 95 4
10736 8777 95 5
10744 8788 95 5
10752 8787 95 5
10760 8795 95 5
10768 8822 95 5
10776 8831 95 4
10784 8829 95 4
10792 8854 95 5
10800 8853 95 5
10808 8853 95 5
10816 8848 95 5
10824 8866 95 5
10832 8874 95 4
10840 8862 95 5
10848 8863 95 4
10856 8892 95 5
10864 8916 95 5
10872 8899 95 5
10880 8929 95 5
10888 8920 95 5
10896 8934 95 5
10904 8917 95 5
10912 8952 95 5
10920 8927 95 5
10928 8951 95 5
10936 8955 95 5
10944 8964 95 5
10952 8972 95 5
10960 8968 95 5
10968 8986 95 5
10976 9005 95 5
10984 8964 95 5
10992 8998 95 5
11000 8999 95 5
11008 9032 95 5
11016 9013 95 5
11024 9032 95 5
11032 9027 95 5
11040 9048 95 5
11048 9057 95 5
11056 9031 95 5
11064 9080 95 5
11072 9068 95 5
11080 9075 95 5
11088 9083 95 5
11096 9087 95 5
11104 9107 95 5
11112 9093 95 5
11120 9122 95 5
11128 9127 95 5
11136 9117 95 5
11144 9127 95 5
11152 9132 95 5
11160 9140 95 5
11168 9153 95 5
11176 9165 95 5
11184 9165 95 5
11192 9168 95 5
11200 9162 95 5
11208 9175 95 5
11216 9213 95 5
11224 9193 95 5
11232 9204 95 5
11240 9200 95 5
11248 9216 95 5
11256 9225 95 5
11264 9230 95 5
11272 9245 95 5
11280 9226 95 5
11288 9245 95 5
11296 9281 95 5
11304 9260 95 5
11312 9235 95 5
11320 9287 95 5
11328 9275 95 5
11336 9258 95 5
11344 9288 95 5
11352 9303 95 5
11360 9321 95 5
11368 9312 95 5
11376 9326 95 5
11384 9321 95 5
11392 9353 95 5
11400 9352 95 5
11408 9347 95 5
11416 9370 95 5
11424 9351 95 5
11432 9365 95 5
11440 9377 95 5
11448 9372 95 5
11456 9383 95 5
11464 9406 95 5
11472 9405 95 5
11480 9391 95 5
11488 9430 95 5
11496 9417 95 5
11504 9434 95 5
11512 9424 95 5
11520 9419 95 5
11528 9432 95 5
11536 9463 95 5
11544 9471 95 5
11552 9464 95 5
11560 9475 95 5
11568 9493 95 5
11576 9481 95 5
11584 9506 95 5
11592 9491 95 5
11600 9493 95 5
11608 9509 95 5
11616 9536 95 5
11624 9525 95 6
11632 9519 95 5
11640 9545 95 5
11648 9548 95 5
11656 9546 95 5
11664 9567 95 5
11672 9564 95 5
11680 9583 95 5
11688 9585 95 5
11696 9588 95 5
11704 9587 95 5
11712 9593 95 5
11720 9600 95 5
11728 9608 95 5
11736 9629 95 5
11744 9643 95 5
11752 9624 95 5
11760 9649 95 5
11768 9604 95 5
11776 9635 95 5
11784 9662 95 5
11792 9682 95 5
11800 9682 95 5
11808 9670 95 5
11816 9710 95 5
11824 9696 95 5
11832 9670 95 5
11840 9719 95 5
11848 9706 95 5
11856 9725 95 5
11864 9713 95 5
11872 9737 95 5
11880 9741 95 5
11888 9763 95 5
11896 9746 95 5
11904 9778 95 5
11912 9768 95 5
11920 9781 95 5
11928 9774 95 5
11936 9779 95 5
11944 9779 95 5
11952 9811 95 5
11960 9821 95 5
11968 9806 95 5
11976 9809 95 5
11984 9803 95 5
11992 9819 95 5
12000 9837 95 5
12008 9841 95 5
12016 9838 95 5
12024 9865 95 5
12032 9856 95 5
12040 9862 95 5
12048 9873 95 5
12056 9889 95 5
12064 9896 95 5
12072 9895 95 5
12080 9918 95 5
12088 9891 95 6
12096 9884 95 5
12104 9925 95 6
12112 9917 95 5
12120 9936 95 5
12128 9925 95 5
12136 9933 95 5
12144 9966 95 5
12152 9948 95 5
12160 9971 95 5
12168 9966 95 5
12176 9993 95 5
12184 10005 95 5
12192 9989 95 5
12200 9984 95 5
12208 10013 95 5
12216 10027 95 5
12224 10033 95 5
12232 10040 95 5
12240 10039 95 5
12248 10036 95 5
12256 10038 95 5
12264 10048 95 5
12272 10052 95 5
12280 10072 95 5
12288 10076 95 5
12296 10076 95 5
12304 10087 95 5
12312 10102 95 5
12320 10104 95 5
12328 10101 95 5
12336 10113 95 5
12344 10153 95 5
12352 10142 95 5
12360 10110 95 5
12368 10132 95 5
12376 10143 95 5
12384 10155 95 5
12392 10157 95 5
12400 10157 95 5
12408 10159 95 5
12416 10198 95 5
12424 10173 95 5
12432 10224 95 5
12440 10204 95 5
12448 10203 95 5
12456 10214 95 5
12464 10250 95 5
12472 10243 95 5
12480 10229 95 5
12488 10212 95 5
12496 10239 95 5
12504 10248 95 5
12512 10269 95 5
12520 10266 95 5
12528 10240 95 5
12536 10270 95 5
12544 10292 95 5
12552 10284 95 5
12560 10313 95 5
12568 10299 95 5
12576 10300 95 5
12584 10311 95 5
12592 10324 95 5
12600 10307 95 5
12608 10345 95 5
12616 10351 95 5
12624 10346 95 5
12632 10348 95 5
12640 10341 95 5
12648 10362 95 5
12656 10360 95 5
12664 10386 95 5
12672 10388 95 5
12680 10402 95 5
12688 10409 95 5
12696 10409 95 5
12704 10419 95 5
12712 10397 95 5
12720 10437 95 5
12728 10439 95 6
12736 10434 95 5
12744 10453 95 5
12752 10422 95 5
12760 10474 95 5
12768 10457 95 5
12776 10463 95 5
12784 10478 95 5
12792 10457 95 5
12800 10507 95 5
12808 10480 95 5
12816 10506 95 5
12824 10519 95 5
12832 10529 95 5
12840 10524 95 5
12848 10560 95 5
12856 10539 95 5
12864 10546 95 5
12872 10559 95 5
12880 10568 95 5
12888 10557 95 5
12896 10597 95 6
12904 10569 95 5
12912 10608 95 5
12920 10601 95 5
12928 10608 95 5
12936 10623 95 5
12944 10623 95 5
12952 10609 95 5
12960 10632 95 5
12968 10634 95 5
12976 10614 95 6
12984 10665 95 5
12992 10636 95 6
13000 10673 95 5
13008 10655 95 5
13016 10663 95 5
13024 10672 95 5
13032 10686 95 5
13040 10720 95 5
13048 10699 95 5
13056 10723 95 5
13064 10722 95 6
13072 10703 95 5
13080 10717 95 5
13088 10727 95 5
13096 10740 95 5
13104 10736 95 5
13112 10740 95 5
13120 10748 95 5
13128 10760 95 5
13136 10752 95 5
13144 10794 95 5
13152 10786 95 5
13160 10786 95 5
13168 10816 95 5
13176 10836 95 5
13184 10783 95 5
13192 10815 95 5
13200 10826 95 5
13208 10834 95 5
13216 10839 95 5
13224 10844 95 5
13232 10876 95 6
13240 10859 95 10
13248 10874 95 5
13256 10867 95 5
13264 10875 95 6
13272 10884 95 5
13280 10875 95 7
13288 10906 95 5
13296 10897 95 5
13304 10906 95 5
13312 10915 95 5
13320 10922 95 6
13328 10928 95 6
13336 10938 95 5
13344 10941 95 5
13352 10973 95 6
13360 10955 95 6
13368 10972 95 5
13376 10984 95 6
13384 10988 95 6
13392 10992 95 7
13400 11008 95 6
13408 10995 95 8
13416 11021 95 6
13424 11005 95 6
13432 11015 95 6
13440 11037 95 5
13448 11031 95 6
13456 11028 95 6
13464 11035 95 6
13472 11047 95 6
13480 11072 95 6
13488 11046 95 6
13496 11090 95 5
13504 11075 95 5
13512 11104 95 6
13520 11089 95 6
13528 11088 95 6
13536 11093 95 6
13544 11114 95 6
13552 11111 95 5
13560 11125 95 5
13568 11123 95 5
13576 11129 95 6
13584 11165 95 6
13592 11144 95 5
13600 11155 95 6
13608 11179 95 5
13616 11156 95 7
13624 11180 95 9
13632 11183 95 9
13640 11191 95 6
13648 11185 95 6
13656 11206 95 6
13664 11228 95 6
13672 11224 95 6
13680 11230 95 6
13688 11225 95 8
13696 11222 95 6
13704 11251 95 7
13712 11257 95 6
13720 11246 95 6
13728 11282 95 6
13736 11248 95 6
13744 11282 95 6
13752 11289 95 8
13760 11309 95 6
13768 11299 95 6
13776 11290 95 5
13784 11305 95 6
13792 11279 95 5
13800 11303 95 6
13808 11331 95 6
13816 11339 95 6
13824 11320 95 6
13832 11352 95 6
13840 11359 95 6
13848 11378 95 6
13856 11377 95 6
13864 11366 95 6
13872 11398 95 6
13880 11405 95 6
13888 11388 95 6
13896 11382 95 6
13904 11387 95 6
13912 11431 95 6
13920 11408 95 6
13928 11437 95 6
13936 11444 95 6
13944 11441 95 6
13952 11439 95 6
13960 11449 95 6
13968 11473 95 6
13976 11479 95 6
13984 11493 95 6
13992 11478 95 6
14000 11463 95 6
14008 11476 95 7
14016 11509 95 9
14024 11515 95 7
14032 11516 95 7
14040 11516 95 9
14048 11532 95 7
14056 11537 95 7
14064 11508 95 7
14072 11550 95 7
14080 11533 95 9
14088 11562 95 7
14096 11572 95 7
14104 11578 95 7
14112 11589 95 8
14120 11578 95 7
14128 11604 95 9
14136 11607 95 8
14144 11625 95 8
14152 11603 95 7
14160 11633 95 10
14168 11629 95 7
14176 11645 95 7
14184 11641 95 7
14192 11622 95 7
14200 11670 95 7
14208 11661 95 7
14216 11674 95 7
14224 11667 95 7
14232 11681 95 7
14240 11687 95 7
14248 11682 95 7
14256 11712 95 7
14264 11704 95 7
14272 11691 95 7
14280 11722 95 7
14288 11751 95 7
14296 11724 95 7
14304 11749 95 7
14312 11746 95 9
14320 11750 95 7
14328 11791 95 7
14336 11761 95 7
14344 11759 95 7
14352 11786 95 8
14360 11785 95 7
14368 11783 95 7
14376 11812 95 8
14384 11814 95 8
14392 11813 95 7
14400 11824 95 7
14408 11825 95 6
14416 11841 95 7
14424 11842 95 8
14432 11844 95 7
14440 11836 95 10
14448 11848 95 11
14456 11880 95 7
14464 11884 95 7
14472 11869 95 11
14480 11889 95 11
14488 11881 95 7
14496 11887 95 7
14504 11899 95 7
14512 11914 95 10
14520 11918 95 7
14528 11925 95 7
14536 11904 95 7
14544 11952 95 7
14552 11949 95 7
14560 11965 95 7
14568 11955 95 7
14576 11963 95 7
14584 11949 95 6
14592 11997 95 7
14600 12000 95 7
14608 12009 95 7
14616 12005 95 7
14624 11967 95 7
14632 12000 95 7
14640 12026 95 7
14648 12026 95 7
14656 12025 95 7
14664 12029 95 7
14672 12047 95 7
14680 12048 95 7
14688 12064 95 7
14696 12050 95 7
14704 12082 95 7
14712 12083 95 7
14720 12113 95 9
14728 12080 95 8
14736 12100 95 7
14744 12078 95 7
14752 12114 95 7
14760 12100 95 7
14768 12141 95 8
14776 12124 95 7
14784 12144 95 7
14792 12153 95 10
14800 12154 95 8
14808 12118 95 7
14816 12161 95 8
14824 12177 95 11
14832 12169 95 7
14840 12168 95 7
14848 12174 95 7
14856 12206 95 7
14864 12194 95 7
14872 12186 95 7
14880 12224 95 7
14888 12226 95 9
14896 12248 95 7
14904 12259 95 7
14912 12259 95 6
14920 12256 95 6
14928 12252 95 6
14936 12232 95 6
14944 12274 95 6
14952 12270 95 6
14960 12280 95 6
14968 12283 95 6
14976 12279 95 6
14984 12318 95 6
14992 12302 95 6
15000 12324 95 6
15008 12318 95 6
15016 12303 95 6
15024 12347 95 6
15032 12345 95 6
15040 12358 95 6
15048 12340 95 6
15056 12361 95 6
15064 12369 95 6
15072 12372 95 6
15080 12369 95 6
15088 12409 95 6
15096 12410 95 7
15104 12404 95 6
15112 12386 95 6
15120 12446 95 6
15128 12439 95 6
15136 12436 95 6
15144 12447 95 6
15152 12438 95 6
15160 12445 95 6
15168 12460 95 6
15176 12489 95 6
15184 12440 95 6
15192 12467 95 7
15200 12452 95 6
15208 12487 95 6
15216 12482 95 6
15224 12500 95 6
15232 12517 95 6
15240 12499 95 6
15248 12530 95 6
15256 12520 95 6
15264 12538 95 6
15272 12532 95 6
15280 12553 95 6
15288 12552 95 6
15296 12558 95 6
15304 12548 95 6
15312 12570 95 6
15320 12572 95 6
15328 12606 95 6
15336 12584 95 6
15344 12574 95 6
15352 12612 95 6
15360 12586 95 6
15368 12638 95 6
15376 12623 95 6
15384 12631 95 6
15392 12623 95 6
15400 12646 95 6
15408 12661 95 6
15416 12670 95 6
15424 12690 95 6
15432 12680 95 6
15440 12666 95 6
15448 12676 95 6
15456 12693 95 6
15464 12686 95 6
15472 12692 95 6
15480 12716 95 7
15488 12743 95 7
15496 12726 95 6
15504 12736 95 6
15512 12738 95 7
15520 12734 95 6
15528 12748 95 7
15536 12770 95 6
15544 12759 95 6
15552 12770 95 7
15560 12786 95 6
15568 12783 95 7
15576 12779 95 7
15584 12796 95 7
15592 12788 95 7
15600 12802 95 7
15608 12837 95 7
15616 12828 95 7
15624 12837 95 7
15632 12824 95 7
15640 12841 95 7
15648 12844 95 7
15656 12863 95 7
15664 12870 95 7
15672 12879 95 7
15680 12878 95 7
15688 12887 95 7
15696 12897 95 6
15704 12877 95 7
15712 12908 95 6
15720 12909 95 7
15728 12951 95 7
15736 12928 95 7
15744 12918 95 7
15752 12948 95 7
15760 12937 95 7
15768 12969 95 7
15776 12967 95 7
15784 12970 95 7
15792 12969 95 7
15800 12975 95 7
15808 12964 95 7
15816 12993 95 7
15824 13010 95 7
15832 12998 95 7
15840 13021 95 7
15848 13025 95 7
15856 13012 95 7
15864 13021 95 7
15872 13042 95 7
15880 13060 95 7
15888 13061 95 7
15896 13046 95 7
15904 13066 95 7
15912 13063 95 7
15920 13063 95 7
15928 13089 95 7
15936 13106 95 7
15944 13112 95 7
15952 13099 95 7
15960 13104 95 7
15968 13135 95 7
15976 13112 95 7
15984 13101 95 7
15992 13131 95 7
16000 13123 95 7
16008 13167 95 7
16016 13155 95 7
16024 13184 95 7
16032 13168 95 7
16040 13162 95 7
16048 13174 95 7
16056 13168 95 7
16064 13184 95 7
16072 13194 95 7
16080 13217 95 7
16088 13226 95 7
16096 13228 95 7
16104 13213 95 7
16112 13251 95 7
16120 13255 95 7
16128 13278 95 7
16136 13250 95 7
16144 13284 95 7
16152 13285 95 7
16160 13263 95 7
16168 13269 95 7
16176 13288 95 7
16184 13298 95 7
16192 13307 95 7
16200 13324 95 7
16208 13360 95 7
16216 13319 95 7
16224 13339 95 7
16232 13324 95 7
16240 13313 95 7
16248 13351 95 7
16256 13346 95 7
16264 13359 95 7
16272 13391 95 7
16280 13373 95 7
16288 13375 95 7
16296 13376 95 7
16304 13389 95 7
16312 13387 95 8
16320 13410 95 7
16328 13390 95 7
16336 13425 95 7
16344 13419 95 7
16352 13459 95 7
16360 13434 95 7
16368 13462 95 7
16376 13444 95 7
16384 13455 95 7
16392 13447 95 7
16400 13484 95 7
16408 13468 95 7
16416 13492 95 7
16424 13493 95 7
16432 13509 95 7
16440 13498 95 8
16448 13530 95 7
16456 13545 95 7
16464 13533 95 7
16472 13522 95 7
16480 13536 95 7
16488 13553 95 7
16496 13558 95 7
16504 13565 95 7
16512 13563 95 7
16520 13578 95 7
16528 13577 95 7
16536 13601 95 7
16544 13599 95 7
16552 13592 95 7
16560 13602 95 7
16568 13579 95 7
16576 13628 95 7
16584 13616 95 7
16592 13629 95 7
16600 13646 95 7
16608 13651 95 7
16616 13650 95 7
16624 13643 95 7
16632 13689 95 7
16640 13681 95 7
16648 13695 95 7
16656 13682 95 7
16664 13697 95 7
16672 13675 95 7
16680 13688 95 7
16688 13704 95 7
16696 13686 95 9
16704 13722 95 7
16712 13732 95 7
16720 13728 95 7
16728 13758 95 7
16736 13733 95 7
16744 13758 95 7
16752 13759 95 7
16760 13784 95 7
16768 13776 95 7
16776 13777 95 7
16784 13816 95 7
16792 13793 95 7
16800 13803 95 7
16808 13819 95 7
16816 13823 95 7
16824 13835 95 7
16832 13813 95 7
16840 13834 95 7
16848 13873 95 7
16856 13849 95 7
16864 13867 95 7
16872 13843 95 7
16880 13875 95 7
16888 13895 95 8
16896 13885 95 7
16904 13911 95 7
16912 13887 95 7
16920 13859 95 7
16928 13928 95 7
16936 13932 95 7
16944 13941 95 7
16952 13915 95 7
16960 13957 95 7
16968 13928 95 8
16976 13965 95 8
16984 13965 95 8
16992 13957 95 7
17000 13977 95 8
17008 13990 95 8
17016 13956 95 8
17024 13974 95 8
17032 14032 95 8
17040 14008 95 8
17048 13999 95 7
17056 14023 95 8
17064 14032 95 8
17072 14042 95 8
17080 14031 95 8
17088 14033 95 8
17096 14051 95 8
17104 14064 95 8
17112 14073 95 8
17120 14086 95 8
17128 14066 95 8
17136 14082 95 8
17144 14064 95 8
17152 14089 95 8
17160 14104 95 8
17168 14108 95 8
17176 14143 95 8
17184 14114 95 8
17192 14145 95 8
17200 14130 95 8
17208 14144 95 8
17216 14147 95 8
17224 14160 95 8
17232 14159 95 8
17240 14144 95 8
17248 14182 95 8
17256 14168 95 8
17264 14200 95 8
17272 14187 95 8
17280 14196 95 8
17288 14215 95 8
17296 14218 95 8
17304 14211 95 8
17312 14224 95 8
17320 14224 95 8
17328 14244 95 8
17336 14262 95 8
17344 14263 95 8
17352 14266 95 8
17360 14264 95 8
17368 14271 95 8
17376 14298 95 8
17384 14281 95 8
17392 14291 95 8
17400 14313 95 8
17408 14293 95 8
17416 14331 95 8
17424 14329 95 8
17432 14360 95 8
17440 14332 95 8
17448 14327 95 8
17456 14341 95 8
17464 14339 95 8
17472 14361 95 8
17480 14351 95 8
17488 14389 95 8
17496 14390 95 8
17504 14371 95 8
17512 14397 95 8
17520 14398 95 8
17528 14407 95 8
17536 14418 95 8
17544 14433 95 8
17552 14436 95 8
17560 14451 95 8
17568 14442 95 8
17576 14439 95 8
17584 14464 95 8
17592 14451 95 8
17600 14462 95 8
17608 14455 95 8
17616 14479 95 8
17624 14493 95 8
17632 14498 95 17
17640 14489 95 8
17648 14515 95 8
17656 14517 95 8
17664 14502 95 8
17672 14528 95 8
17680 14537 95 8
17688 14547 95 8
17696 14562 95 8
17704 14555 95 8
17712 14581 95 8
17720 14569 95 8
17728 14589 95 8
17736 14592 95 8
17744 14583 95 8
17752 14583 95 8
17760 14616 95 8
17768 14595 95 8
17776 14595 95 8
17784 14619 95 8
17792 14616 95 8
17800 14641 95 8
17808 14644 95 8
17816 14662 95 8
17824 14670 95 8
17832 14654 95 8
17840 14675 95 8
17848 14658 95 8
17856 14680 95 8
17864 14677 95 8
17872 14688 95 8
17880 14694 95 8
17888 14704 95 8
17896 14729 95 8
17904 14709 95 8
17912 14704 95 8
17920 14737 95 8
17928 14754 95 8
17936 14697 95 8
17944 14780 95 8
17952 14764 95 8
17960 14772 95 8
17968 14750 95 8
17976 14791 95 8
17984 14803 95 8
17992 14781 95 8
18000 14808 95 8
18008 14815 95 8
18016 14844 95 8
18024 14828 95 8
18032 14801 95 8
18040 14847 95 8
18048 14841 95 8
18056 14876 95 8
18064 14858 95 8
18072 14841 95 8
18080 14861 95 9
18088 14872 95 8
18096 14902 95 8
18104 14887 95 8
18112 14899 95 8
18120 14885 95 8
18128 14908 95 8
18136 14920 95 8
18144 14921 95 9
18152 14944 95 8
18160 14928 95 9
18168 14925 95 9
18176 14932 95 9
18184 14957 95 9
18192 14917 95 8
18200 14968 95 9
18208 14981 95 9
18216 15002 95 8
18224 14967 95 8
18232 14996 95 9
18240 14989 95 9
18248 14997 95 9
18256 15029 95 9
18264 15015 95 9
18272 15016 95 9
18280 15015 95 9
18288 15016 95 9
18296 15032 95 9
18304 15056 95 9
18312 15076 95 9
18320 15050 95 9
18328 15059 95 9
18336 15059 95 9
18344 15091 95 9
18352 15089 95 9
18360 15091 95 9
18368 15102 95 10
18376 15092 95 9
18384 15115 95 9
18392 15096 95 9
18400 15154 95 9
18408 15144 95 9
18416 15159 95 9
18424 15145 95 9
18432 15172 95 9
18440 15157 95 9
18448 15170 95 9
18456 15180 95 9
18464 15198 95 9
18472 15192 95 9
18480 15197 95 9
18488 15195 95 9
18496 15212 95 9
18504 15202 95 9
18512 15208 95 9
18520 15241 95 10
18528 15242 95 9
18536 15230 95 9
18544 15255 95 9
18552 15249 95 9
18560 15247 95 9
18568 15267 95 9
18576 15274 95 9
18584 15273 95 9
18592 15301 95 9
18600 15290 95 9
18608 15324 95 9
18616 15306 95 9
18624 15311 95 10
18632 15329 95 9
18640 15347 95 9
18648 15326 95 9
18656 15333 95 9
18664 15351 95 9
18672 15346 95 9
18680 15383 95 9
18688 15362 95 9
18696 15387 95 9
18704 15399 95 9
18712 15386 95 9
18720 15401 95 9
18728 15405 95 9
18736 15413 95 9
18744 15383 95 9
18752 15430 95 9
18760 15428 95 9
18768 15431 95 9
18776 15443 95 9
18784 15446 95 9
18792 15454 95 9
18800 15446 95 9
18808 15478 95 9
18816 15455 95 9
18824 15473 95 9
18832 15485 95 9
18840 15463 95 9
18848 15498 95 9
18856 15490 95 9
18864 15513 95 9
18872 15542 95 9
18880 15547 95 9
18888 15534 95 9
18896 15557 95 9
18904 15532 95 9
18912 15555 95 9
18920 15536 95 9
18928 15576 95 9
18936 15558 95 9
18944 15569 95 9
18952 15602 95 9
18960 15603 95 9
18968 15584 95 9
18976 15600 95 9
18984 15623 95 9
18992 15601 95 9
19000 15648 95 9
19008 15640 95 9
19016 15625 95 9
19024 15655 95 9
19032 15643 95 9
19040 15631 95 9
19048 15688 95 9
19056 15654 95 9
19064 15689 95 9
19072 15700 95 9
19080 15686 95 9
19088 15677 95 9
19096 15688 95 9
19104 15721 95 9
19112 15721 95 9
19120 15734 95 9
19128 15706 95 9
19136 15719 95 9
19144 15712 95 9
19152 15753 95 9
19160 15773 95 9
19168 15764 95 9
19176 15776 95 10
19184 15774 95 9
19192 15761 95 9
19200 15775 95 9
19208 15773 95 9
19216 15802 95 9
19224 15807 95 9
19232 15792 95 9
19240 15817 95 9
19248 15850 95 9
19256 15838 95 9
19264 15843 95 10
19272 15857 95 9
19280 15864 95 9
19288 15853 95 9
19296 15858 95 9
19304 15902 95 10
19312 15889 95 10
19320 15870 95 9
19328 15890 95 10
19336 15912 95 10
19344 15898 95 10
19352 15899 95 10
19360 15885 95 10
19368 15929 95 10
19376 15939 95 10
19384 15940 95 10
19392 15966 95 10
19400 15948 95 9
19408 15934 95 10
19416 15984 95 10
19424 15950 95 9
19432 15956 95 10
19440 15996 95 10
19448 15992 95 10
19456 15992 95 10
19464 15994 95 10
19472 16016 95 10
19480 16023 95 10
19488 16012 95 10
19496 16006 95 9
19504 16045 95 10
19512 16032 95 10
19520 16047 95 10
19528 16051 95 10
19536 16084 95 10
19544 16064 95 10
19552 16087 95 10
19560 16091 95 10
19568 16072 95 10
19576 16084 95 10
19584 16113 95 10
19592 16134 95 10
19600 16110 95 9
19608 16124 95 10
19616 16165 95 10
19624 16159 95 10
19632 16129 95 10
19640 16151 95 10
19648 16155 95 10
19656 16157 95 10
19664 16168 95 10
19672 16195 95 10
19680 16218 95 10
19688 16184 95 11
19696 16218 95 10
19704 16193 95 10
19712 16230 95 10
19720 16210 95 10
19728 16237 95 10
19736 16221 95 10
19744 16238 95 10
19752 16240 95 10
19760 16237 95 10
19768 16266 95 10
19776 16243 95 10
19784 16267 95 10
19792 16288 95 10
19800 16304 95 13
19808 16284 95 10
19816 16299 95 10
19824 16311 95 10
19832 16304 95 10
19840 16296 95 10
19848 16292 95 10
19856 16352 95 10
19864 16319 95 10
19872 16355 95 10
19880 16382 95 10
19888 16353 95 10
19896 16358 95 10
19904 16367 95 10
19912 16390 95 10
19920 16351 95 10
19928 16393 95 10
19936 16402 95 10
19944 16377 95 10
19952 16386 95 10
19960 16434 95 10
19968 16427 95 10
19976 16427 95 11
19984 16426 95 10
19992 16465 95 10
20000 16454 95 10
20008 16443 95 10
20016 16442 95 10
20024 16468 95 10
20032 16462 95 10
20040 16466 95 10
20048 16502 95 10
20056 16511 95 10
20064 16475 95 10
20072 16513 95 10
20080 16510 95 10
20088 16528 95 10
20096 16522 95 11
20104 16546 95 10
20112 16542 95 10
20120 16568 95 10
20128 16574 95 10
20136 16579 95 10
20144 16580 95 10
20152 16562 95 11
20160 16574 95 10
20168 16611 95 10
20176 16581 95 10
20184 16586 95 10
20192 16580 95 10
20200 16634 95 10
20208 16626 95 10
20216 16621 95 10
20224 16623 95 10
20232 16650 95 10
20240 16657 95 10
20248 16634 95 10
20256 16666 95 10
20264 16646 95 10
20272 16708 95 11
20280 16691 95 11
20288 16687 95 11
20296 16724 95 11
20304 16687 95 10
20312 16725 95 11
20320 16717 95 11
20328 16742 95 16
20336 16724 95 10
20344 16725 95 10
20352 16770 95 11
20360 16733 95 10
20368 16749 95 10
20376 16786 95 11
20384 16774 95 10
20392 16789 95 11
20400 16746 95 11
20408 16786 95 11
20416 16799 95 11
20424 16796 95 11
20432 16807 95 11
20440 16836 95 11
20448 16804 95 11
20456 16786 95 11
20464 16827 95 11
20472 16856 95 11
20480 16835 95 11
20488 16864 95 11
20496 16831 95 11
20504 16900 95 11
20512 16843 95 11
20520 16875 95 11
20528 16881 95 11
20536 16912 95 11
20544 16872 95 11
20552 16882 95 11
20560 16907 95 11
20568 16909 95 11
20576 16903 95 11
20584 16897 95 11
20592 16948 95 12
20600 16954 95 11
20608 16972 95 11
20616 16985 95 11
20624 16952 95 11
20632 16982 95 11
20640 16985 95 11
20648 17008 95 11
20656 16985 95 11
20664 17000 95 11
20672 16997 95 11
20680 17012 95 11
20688 17026 95 12
20696 17022 95 11
20704 17006 95 11
20712 17032 95 11
20720 17066 95 11
20728 17046 95 11
20736 17062 95 11
20744 17090 95 11
20752 17074 95 11
20760 17082 95 11
20768 17096 95 11
20776 17083 95 11
20784 17106 95 11
20792 17106 95 11
20800 17135 95 11
20808 17124 95 11
20816 17114 95 11
20824 17147 95 11
20832 17150 95 11
20840 17130 95 11
20848 17146 95 11
20856 17187 95 11
20864 17163 95 11
20872 17176 95 11
20880 17191 95 11
20888 17203 95 11
20896 17213 95 11
20904 17191 95 11
20912 17184 95 11
20920 17196 95 11
20928 17245 95 11
20936 17233 95 11
20944 17230 95 11
20952 17238 95 11
20960 17216 95 11
20968 17238 95 11
20976 17240 95 11
20984 17271 95 11
20992 17266 95 11
21000 17270 95 11
21008 17288 95 11
21016 17317 95 12
21024 17283 95 11
21032 17308 95 12
21040 17322 95 11
21048 17345 95 12
21056 17313 95 11
21064 17331 95 11
21072 17336 95 11
21080 17321 95 11
21088 17314 95 11
21096 17362 95 11
21104 17366 95 11
21112 17391 95 11
21120 17371 95 11
21128 17400 95 12
21136 17404 95 11
21144 17403 95 12
21152 17384 95 11
21160 17394 95 11
21168 17415 95 12
21176 17445 95 11
21184 17423 95 11
21192 17433 95 12
21200 17428 95 11
21208 17467 95 11
21216 17462 95 11
21224 17463 95 12
21232 17466 95 12
21240 17475 95 12
21248 17456 95 12
21256 17503 95 12
21264 17504 95 12
21272 17504 95 12
21280 17504 95 12
21288 17526 95 12
21296 17522 95 12
21304 17533 95 12
21312 17541 95 12
21320 17549 95 12
21328 17540 95 12
21336 17564 95 12
21344 17566 95 12
21352 17560 95 12
21360 17580 95 12
21368 17592 95 12
21376 17616 95 12
21384 17590 95 12
21392 17572 95 12
21400 17594 95 12
21408 17592 95 12
21416 17612 95 12
21424 17622 95 12
21432 17657 95 13
21440 17651 95 12
21448 17643 95 12
21456 17646 95 12
21464 17653 95 12
21472 17664 95 12
21480 17712 95 12
21488 17649 95 12
21496 17700 95 12
21504 17699 95 13
21512 17685 95 12
21520 17695 95 12
21528 17697 95 12
21536 17717 95 12
21544 17708 95 12
21552 17726 95 12
21560 17762 95 12
21568 17745 95 12
21576 17783 95 12
21584 17748 95 12
21592 17778 95 12
21600 17759 95 12
21608 17799 95 12
21616 17795 95 12
21624 17783 95 12
21632 17802 95 12
21640 17803 95 12
21648 17830 95 12
21656 17782 95 12
21664 17800 95 12
21672 17829 95 12
21680 17857 95 12
21688 17859 95 12
21696 17879 95 12
21704 17891 95 12
21712 17843 95 12
21720 17866 95 12
21728 17876 95 12
21736 17883 95 12
21744 17910 95 12
21752 17913 95 12
21760 17920 95 12
21768 17922 95 12
21776 17909 95 12
21784 17907 95 12
21792 17911 95 12
21800 17926 95 12
21808 17950 95 12
21816 17967 95 12
21824 17995 95 12
21832 17964 95 12
21840 17974 95 12
21848 17979 95 12
21856 17994 95 12
21864 17975 95 12
21872 17973 95 12
21880 18002 95 12
21888 18019 95 12
21896 18021 95 12
21904 18009 95 12
21912 18030 95 12
21920 18016 95 12
21928 18042 95 12
21936 18054 95 12
21944 18070 95 12
21952 18049 95 12
21960 18087 95 12
21968 18092 95 13
21976 18074 95 12
21984 18103 95 12
21992 18081 95 12
22000 18129 95 12
22008 18106 95 12
22016 18100 95 12
22024 18138 95 13
22032 18141 95 13
22040 18155 95 12
22048 18147 95 12
22056 18150 95 12
22064 18178 95 12
22072 18177 95 13
22080 18191 95 13
22088 18188 95 12
22096 18177 95 13
22104 18206 95 13
22112 18188 95 13
22120 18207 95 13
22128 18206 95 13
22136 18184 95 13
22144 18240 95 13
22152 18224 95 13
22160 18254 95 13
22168 18220 95 13
22176 18268 95 13
22184 18265 95 13
22192 18264 95 13
22200 18282 95 13
22208 18261 95 13
22216 18277 95 13
22224 18284 95 13
22232 18282 95 13
22240 18312 95 13
22248 18304 95 13
22256 18322 95 13
22264 18337 95 13
22272 18299 95 13
22280 18330 95 13
22288 18351 95 13
22296 18360 95 13
22304 18347 95 13
22312 18378 95 13
22320 18364 95 13
22328 18368 95 13
22336 18380 95 13
22344 18370 95 13
22352 18361 95 13
22360 18415 95 13
22368 18414 95 13
22376 18408 95 13
22384 18404 95 13
22392 18436 95 13
22400 18427 95 13
22408 18428 95 13
22416 18400 95 13
22424 18468 95 13
22432 18474 95 13
22440 18456 95 13
22448 18458 95 13
22456 18471 95 13
22464 18494 95 13
22472 18504 95 13
22480 18511 95 13
22488 18522 95 13
22496 18521 95 13
22504 18523 95 13
22512 18520 95 13
22520 18535 95 13
22528 18570 95 13
22536 18532 95 13
22544 18555 95 13
22552 18555 95 13
22560 18568 95 13
22568 18559 95 13
22576 18577 95 13
22584 18602 95 13
22592 18606 95 13
22600 18604 95 13
22608 18625 95 13
22616 18617 95 13
22624 18627 95 13
22632 18618 95 13
22640 18639 95 13
22648 18647 95 13
22656 18647 95 13
22664 18644 95 13
22672 18654 95 13
22680 18647 95 13
22688 18697 95 13
22696 18671 95 13
22704 18703 95 14
22712 18674 95 13
22720 18701 95 13
22728 18703 95 13
22736 18708 95 14
22744 18735 95 13
22752 18693 95 13
22760 18741 95 13
22768 18755 95 13
22776 18742 95 13
22784 18741 95 13
22792 18750 95 13
22800 18777 95 14
22808 18766 95 13
22816 18811 95 13
22824 18779 95 14
22832 18780 95 13
22840 18793 95 13
22848 18780 95 13
22856 18831 95 14
22864 18817 95 13
22872 18829 95 14
22880 18815 95 13
22888 18853 95 13
22896 18842 95 13
22904 18834 95 13
22912 18871 95 14
22920 18879 95 14
22928 18894 95 14
22936 18867 95 14
22944 18888 95 14
22952 18889 95 14
22960 18899 95 14
22968 18909 95 14
22976 18920 95 14
22984 18930 95 13
22992 18950 95 14
23000 18907 95 14
23008 18916 95 14
23016 18972 95 14
23024 18973 95 14
23032 18971 95 15
23040 18976 95 14
23048 18957 95 14
23056 18965 95 14
23064 18971 95 14
23072 18985 95 14
23080 19019 95 14
23088 18999 95 14
23096 19011 95 14
23104 19032 95 14
23112 19017 95 14
23120 19062 95 15
23128 19047 95 14
23136 19053 95 14
23144 19044 95 14
23152 19056 95 14
23160 19074 95 14
23168 19088 95 14
23176 19073 95 14
23184 19081 95 14
23192 19093 95 14
23200 19091 95 14
23208 19122 95 14
23216 19146 95 14
23224 19133 95 14
23232 19154 95 14
23240 19120 95 14
23248 19134 95 14
23256 19152 95 15
23264 19162 95 14
23272 19159 95 14
23280 19167 95 14
23288 19181 95 14
23296 19171 95 14
23304 19189 95 14
23312 19202 95 14
23320 19196 95 14
23328 19189 95 14
23336 19193 95 14
23344 19229 95 14
23352 19214 95 14
23360 19264 95 14
23368 19246 95 14
23376 19276 95 14
23384 19232 95 14
23392 19269 95 14
23400 19245 95 14
23408 19254 95 14
23416 19283 95 14
23424 19261 95 14
23432 19304 95 14
23440 19290 95 14
23448 19317 95 14
23456 19293 95 14
23464 19330 95 14
23472 19313 95 14
23480 19334 95 14
23488 19339 95 14
23496 19352 95 14
23504 19355 95 14
23512 19372 95 14
23520 19365 95 14
23528 19382 95 14
23536 19389 95 14
23544 19384 95 14
23552 19393 95 14
23560 19403 95 14
23568 19424 95 15
23576 19375 95 14
23584 19429 95 14
23592 19407 95 14
23600 19417 95 14
23608 19412 95 14
23616 19456 95 14
23624 19458 95 14
23632 19453 95 14
23640 19438 95 14
23648 19442 95 14
23656 19473 95 14
23664 19468 95 14
23672 19526 95 14
23680 19497 95 14
23688 19526 95 14
23696 19509 95 14
23704 19498 95 14
23712 19530 95 14
23720 19524 95 14
23728 19508 95 14
23736 19529 95 14
23744 19559 95 15
23752 19576 95 14
23760 19533 95 14
23768 19537 95 15
23776 19555 95 15
23784 19602 95 15
23792 19574 95 15
23800 19606 95 15
23808 19576 95 15
23816 19593 95 15
23824 19604 95 14
23832 19623 95 15
23840 19615 95 15
23848 19638 95 15
23856 19648 95 15
23864 19662 95 15
23872 19657 95 15
23880 19650 95 15
23888 19664 95 15
23896 19675 95 15
23904 19708 95 15
23912 19695 95 15
23920 19668 95 15
23928 19687 95 15
23936 19714 95 15
23944 19719 95 15
23952 19699 95 15
23960 19722 95 15
23968 19734 95 15
23976 19744 95 15
23984 19794 95 15
23992 19751 95 15
