16 17 2 0
24 27 3 0
32 38 4 0
40 49 5 0
48 61 6 0
56 73 7 0
64 76 7 0
72 97 9 0
80 100 9 0
88 123 11 0
96 136 12 0
104 149 13 0
112 143 12 0
120 165 14 0
128 188 16 0
136 201 17 0
144 215 18 0
152 209 17 0
160 233 19 0
168 219 17 0
176 261 21 0
184 276 22 0
192 279 22 0
200 276 21 0
208 270 20 0
216 311 24 0
224 327 25 0
232 322 24 0
240 345 26 0
248 377 29 0
256 382 29 0
264 371 27 0
272 353 25 0
280 417 31 0
288 413 30 0
296 458 34 0
304 402 28 1
312 439 31 0
320 465 33 0
328 448 31 1
336 486 34 1
344 508 36 1
352 514 36 1
360 478 32 1
368 515 35 1
376 559 39 1
384 562 39 1
392 519 34 1
400 561 38 1
408 560 37 1
416 627 43 1
424 626 43 1
432 655 45 1
440 593 38 1
448 633 42 1
456 669 45 1
464 626 40 1
472 650 42 1
480 709 47 1
488 668 42 1
496 709 46 2
504 746 49 2
512 698 44 2
520 787 53 2
528 700 43 2
536 760 49 2
544 767 49 2
552 797 51 2
560 742 45 2
568 782 49 2
576 803 50 2
584 764 46 2
592 843 53 2
600 838 52 2
608 849 52 2
616 891 56 3
624 865 53 3
632 875 53 2
640 870 52 3
648 894 54 3
656 933 58 3
664 918 55 3
672 940 57 3
680 898 51 3
688 955 57 3
696 969 57 3
704 999 60 3
712 956 55 3
720 1044 64 3
728 1049 63 4
736 1006 58 3
744 1020 59 3
752 1055 62 3
760 1045 61 4
768 1074 62 4
776 1099 64 4
784 1057 60 4
792 1075 61 4
800 1132 66 4
808 1108 63 4
816 1120 63 4
824 1162 67 4
832 1149 65 4
840 1115 62 4
848 1130 62 4
856 1206 69 5
864 1203 68 5
872 1187 66 5
880 1192 67 5
888 1147 61 5
896 1218 67 6
904 1188 64 5
912 1221 66 5
920 1219 67 5
928 1230 66 5
936 1234 66 5
944 1214 63 5
952 1285 70 5
960 1258 66 5
968 1240 64 5
976 1303 70 5
984 1230 63 5
992 1240 62 5
1000 1337 71 6
1008 1339 70 6
1016 1352 71 6
1024 1409 75 6
1032 1342 69 6
1040 1339 68 6
1048 1340 68 6
1056 1405 74 6
1064 1382 71 6
1072 1451 77 7
1080 1398 70 6
1088 1405 71 7
1096 1450 75 7
1104 1442 73 9
1112 1448 73 6
1120 1477 76 7
1128 1503 77 8
1136 1487 76 8
1144 1494 75 8
1152 1526 77 8
1160 1536 78 7
1168 1547 79 8
1176 1467 71 7
1184 1552 77 8
1192 1561 78 8
1200 1579 79 8
1208 1584 80 8
1216 1593 79 8
1224 1604 80 8
1232 1556 74 8
1240 1647 82 9
1248 1592 77 8
1256 1673 83 9
1264 1568 73 8
1272 1567 73 8
1280 1618 76 8
1288 1645 79 9
1296 1617 75 9
1304 1649 78 9
1312 1671 80 9
1320 1652 77 9
1328 1685 80 9
1336 1676 78 9
1344 1685 78 9
1352 1660 75 9
1360 1676 77 9
1368 1725 80 9
1376 1708 78 9
1384 1706 78 10
1392 1756 82 10
1400 1770 81 10
1408 1763 81 10
1416 1726 76 10
1424 1795 82 10
1432 1791 81 10
1440 1771 79 10
1448 1835 83 10
1456 1813 82 11
1464 1790 79 11
1472 1871 86 11
1480 1887 86 11
1488 1815 80 11
1496 1873 83 11
1504 1871 83 12
1512 1811 76 10
1520 1898 83 11
1528 1894 84 11
1536 1914 85 12
1544 1868 82 11
1552 1907 83 11
1560 1889 82 12
1568 1908 81 12
1576 1941 84 12
1584 1973 86 11
1592 1930 82 12
1600 1995 86 12
1608 1972 83 11
1616 1941 81 12
1624 2052 91 13
1632 2014 86 14
1640 1989 83 13
1648 1993 83 12
1656 2014 84 12
1664 2018 85 13
1672 2032 86 12
1680 2074 88 14
1688 2003 81 12
1696 2026 83 13
1704 2119 90 13
1712 2051 85 13
1720 2056 85 14
1728 2057 84 13
1736 2062 83 13
1744 2109 85 14
1752 2155 89 14
1760 2097 85 14
1768 2063 80 14
1776 2133 87 14
1784 2116 85 14
1792 2140 86 13
1800 2130 84 14
1808 2195 89 15
1816 2156 85 15
1824 2189 87 15
1832 2142 84 15
1840 2208 89 15
1848 2224 89 16
1856 2223 88 15
1864 2228 89 15
1872 2197 85 14
1880 2252 89 15
1888 2163 82 16
1896 2216 85 16
1904 2298 90 16
1912 2244 87 15
1920 2247 85 15
1928 2249 86 15
1936 2251 85 15
1944 2298 88 17
1952 2227 82 15
1960 2318 90 17
1968 2328 90 16
1976 2342 90 17
1984 2366 92 17
1992 2285 85 16
2000 2338 89 16
2008 2354 88 18
2016 2376 90 17
2024 2356 89 16
2032 2385 90 16
2040 2353 87 17
2048 2389 90 17
2056 2359 87 16
2064 2316 82 16
2072 2394 87 17
2080 2425 89 19
2088 2415 88 18
2096 2408 89 18
2104 2400 87 16
2112 2393 84 18
2120 2476 92 19
2128 2413 85 17
2136 2454 90 18
2144 2496 92 19
2152 2482 90 18
2160 2487 89 18
2168 2503 90 18
2176 2493 89 18
2184 2497 89 17
2192 2510 90 20
2200 2550 91 19
2208 2562 93 19
2216 2472 84 19
2224 2519 90 20
2232 2579 93 19
2240 2552 90 19
2248 2539 89 19
2256 2544 88 18
2264 2602 91 20
2272 2586 89 20
2280 2591 90 18
2288 2624 92 22
2296 2610 91 20
2304 2621 90 20
2312 2643 92 20
2320 2615 90 19
2328 2657 91 21
2336 2647 90 21
2344 2626 89 20
2352 2618 87 21
2360 2681 92 20
2368 2643 89 19
2376 2684 91 21
2384 2629 87 20
2392 2688 90 21
2400 2711 93 22
2408 2698 89 21
2416 2712 92 20
2424 2737 91 22
2432 2741 90 20
2440 2718 89 23
2448 2755 93 23
2456 2769 94 22
2464 2762 92 21
2472 2768 92 22
2480 2795 93 21
2488 2761 90 21
2496 2776 90 21
2504 2759 88 21
2512 2846 94 24
2520 2812 92 22
2528 2785 89 23
2536 2830 92 22
2544 2820 92 22
2552 2818 90 22
2560 2841 93 22
2568 2862 92 23
2576 2868 92 22
2584 2898 94 23
2592 2860 93 23
2600 2864 90 24
2608 2880 92 23
2616 2884 92 24
2624 2915 93 23
2632 2880 91 24
2640 2910 91 22
2648 2925 91 24
2656 2936 93 27
2664 2885 88 23
2672 2936 92 24
2680 2967 93 25
2688 2984 93 22
2696 2936 90 23
2704 3008 95 23
2712 2962 92 25
2720 3001 94 25
2728 3006 93 25
2736 2991 93 25
2744 2991 92 26
2752 3022 92 24
2760 3004 91 24
2768 3039 93 25
2776 3048 94 26
2784 3007 92 25
2792 3050 91 25
2800 3045 92 25
2808 3044 91 24
2816 3091 94 26
2824 3090 94 25
2832 3120 95 26
2840 3077 92 25
2848 3094 93 26
2856 3137 94 27
2864 3118 93 25
2872 3125 92 26
2880 3149 93 27
2888 3116 93 27
2896 3163 94 28
2904 3145 93 28
2912 3133 92 26
2920 3191 95 27
2928 3169 94 27
2936 3172 92 28
2944 3176 94 26
2952 3195 93 26
2960 3203 93 28
2968 3202 94 26
2976 3215 93 27
2984 3229 94 27
2992 3236 94 27
3000 3207 91 27
3008 3262 94 28
3016 3261 94 28
3024 3291 94 29
3032 3240 92 28
3040 3256 91 27
3048 3262 93 30
3056 3334 95 30
3064 3290 93 29
3072 3316 94 29
3080 3287 93 29
3088 3317 94 27
3096 3300 94 29
3104 3336 94 31
3112 3316 93 29
3120 3322 93 28
3128 3342 94 29
3136 3371 94 29
3144 3381 95 31
3152 3399 95 29
3160 3360 94 28
3168 3412 94 29
3176 3378 93 28
3184 3381 92 29
3192 3415 94 31
3200 3395 93 29
3208 3421 94 29
3216 3422 93 30
3224 3394 93 30
3232 3436 94 31
3240 3466 94 29
3248 3429 94 31
3256 3485 94 31
3264 3498 95 32
3272 3470 93 30
3280 3495 95 30
3288 3505 94 33
3296 3490 94 31
3304 3495 94 30
3312 3527 95 31
3320 3555 95 31
3328 3532 94 30
3336 3538 95 32
3344 3531 93 36
3352 3562 95 32
3360 3508 91 31
3368 3527 93 31
3376 3566 94 31
3384 3559 93 32
3392 3566 93 31
3400 3562 95 31
3408 3600 94 33
3416 3575 94 31
3424 3585 94 31
3432 3617 95 32
3440 3618 94 32
3448 3584 92 32
3456 3643 94 33
3464 3645 95 33
3472 3600 91 31
3480 3641 93 31
3488 3701 95 35
3496 3654 93 34
3504 3642 93 32
3512 3689 94 34
3520 3701 95 34
3528 3711 94 34
3536 3712 95 35
3544 3706 94 32
3552 3700 92 34
3560 3689 92 32
3568 3736 95 33
3576 3752 95 34
3584 3763 95 33
3592 3747 94 32
3600 3758 94 34
3608 3736 94 33
3616 3770 94 35
3624 3773 95 33
3632 3786 94 33
3640 3755 93 32
3648 3812 95 36
3656 3815 95 34
3664 3786 92 34
3672 3821 95 33
3680 3790 93 35
3688 3833 95 35
3696 3780 92 36
3704 3862 95 36
3712 3854 94 36
3720 3864 95 37
3728 3899 95 36
3736 3874 95 36
3744 3876 95 34
3752 3873 94 34
3760 3877 94 36
3768 3875 94 36
3776 3902 94 35
3784 3903 95 36
3792 3950 95 35
3800 3919 94 36
3808 3932 94 36
3816 3945 94 36
3824 3935 93 36
3832 3955 95 37
3840 3932 94 38
3848 3980 95 37
3856 3966 95 37
3864 4004 95 39
3872 3963 94 37
3880 4002 94 36
3888 4031 95 38
3896 4013 95 37
3904 3999 94 34
3912 4013 94 39
3920 4034 95 37
3928 4027 95 36
3936 4058 95 38
3944 4001 93 38
3952 4047 94 36
3960 4060 94 39
3968 4068 95 38
3976 4077 95 38
3984 4068 95 36
3992 4073 95 38
4000 4112 95 38
4008 4101 95 38
4016 4101 94 38
4024 4097 95 38
4032 4108 94 37
4040 4113 95 38
4048 4103 93 37
4056 4148 95 39
4064 4149 95 40
4072 4177 95 39
4080 4182 95 40
4088 4183 95 40
4096 4181 95 40
4104 4209 95 40
4112 4187 95 37
4120 4190 94 39
4128 4226 94 38
4136 4198 95 39
4144 4223 95 41
4152 4203 94 38
4160 4213 93 41
4168 4232 95 42
4176 4222 95 39
4184 4248 95 42
4192 4263 95 40
4200 4273 95 40
4208 4270 95 40
4216 4297 95 41
4224 4275 95 41
4232 4302 95 42
4240 4284 94 38
4248 4278 93 41
4256 4290 94 41
4264 4332 95 40
4272 4323 94 40
4280 4319 95 41
4288 4299 93 40
4296 4328 95 42
4304 4328 94 41
4312 4359 95 42
4320 4375 95 42
4328 4347 94 41
4336 4397 95 40
4344 4399 94 41
4352 4386 95 43
4360 4408 95 40
4368 4401 95 42
4376 4396 95 42
4384 4435 95 43
4392 4436 95 43
4400 4451 95 44
4408 4426 95 49
4416 4439 95 44
4424 4464 95 43
4432 4473 95 43
4440 4469 95 43
4448 4448 95 43
4456 4477 94 42
4464 4474 94 42
4472 4511 95 43
4480 4511 95 43
4488 4521 95 46
4496 4501 94 42
4504 4540 95 43
4512 4499 94 42
4520 4546 95 43
4528 4529 95 43
4536 4530 94 43
4544 4559 95 45
4552 4550 94 45
4560 4578 95 44
4568 4610 95 44
4576 4580 95 45
4584 4576 95 44
4592 4593 95 44
4600 4617 95 43
4608 4617 95 43
4616 4618 95 58
4624 4592 94 44
4632 4613 95 45
4640 4576 92 45
4648 4648 95 44
4656 4666 95 45
4664 4681 95 45
4672 4649 94 44
4680 4653 94 43
4688 4694 95 44
4696 4699 95 45
4704 4702 95 45
4712 4708 95 45
4720 4691 95 45
4728 4704 95 45
4736 4716 95 44
4744 4731 95 45
4752 4754 95 48
4760 4743 95 47
4768 4722 94 45
4776 4734 95 45
4784 4757 95 45
4792 4784 95 45
4800 4759 95 46
4808 4794 95 46
4816 4805 95 46
4824 4756 94 45
4832 4804 95 46
4840 4787 95 46
4848 4825 95 46
4856 4824 94 47
4864 4828 95 48
4872 4806 95 46
4880 4838 95 48
4888 4863 95 47
4896 4832 94 48
4904 4843 95 47
4912 4861 95 47
4920 4848 95 46
4928 4876 94 46
4936 4879 95 46
4944 4888 95 46
4952 4911 94 48
4960 4916 95 46
4968 4914 95 48
4976 4920 94 46
4984 4952 95 52
4992 4943 95 47
5000 4898 94 49
5008 4933 95 48
5016 4948 95 46
5024 4968 95 49
5032 4921 94 50
5040 4993 95 47
5048 4976 95 48
5056 4994 95 48
5064 4986 94 47
5072 4994 95 48
5080 5004 95 50
5088 5012 95 47
5096 5046 95 50
5104 5030 95 49
5112 5059 95 48
5120 5040 95 47
5128 5014 95 47
5136 5050 94 49
5144 5058 95 49
5152 5071 95 48
5160 5059 95 49
5168 5077 95 50
5176 5114 95 51
5184 5089 95 50
5192 5099 95 50
5200 5084 95 51
5208 5099 95 51
5216 5139 95 49
5224 5170 95 51
5232 5142 95 49
5240 5139 95 51
5248 5163 95 50
5256 5149 95 49
5264 5177 95 51
5272 5172 95 53
5280 5166 95 51
5288 5182 95 51
5296 5190 95 51
5304 5199 95 52
5312 5186 95 51
5320 5210 95 49
5328 5248 95 50
5336 5215 95 53
5344 5219 95 49
5352 5251 95 50
5360 5255 95 53
5368 5245 95 51
5376 5255 95 50
5384 5270 95 50
5392 5285 95 52
5400 5261 95 51
5408 5228 93 51
5416 5293 95 53
5424 5269 95 51
5432 5291 95 53
5440 5306 95 52
5448 5307 95 53
5456 5318 95 52
5464 5356 95 52
5472 5325 94 52
5480 5340 95 52
5488 5334 94 52
5496 5338 95 51
5504 5378 95 53
5512 5364 95 54
5520 5355 94 52
5528 5397 95 53
5536 5397 94 52
5544 5386 95 55
5552 5386 95 55
5560 5425 95 55
5568 5422 95 53
5576 5417 95 53
5584 5425 95 56
5592 5436 95 54
5600 5463 95 54
5608 5459 95 55
5616 5455 95 56
5624 5455 95 53
5632 5469 95 53
5640 5459 95 54
5648 5476 95 54
5656 5499 95 57
5664 5504 95 54
5672 5516 95 57
5680 5496 95 55
5688 5531 95 54
5696 5542 95 56
5704 5558 95 57
5712 5573 95 55
5720 5568 95 57
5728 5531 95 56
5736 5539 95 53
5744 5575 95 57
5752 5577 95 52
5760 5554 95 53
5768 5588 95 55
5776 5580 95 56
5784 5626 95 57
5792 5578 95 54
5800 5614 95 57
5808 5631 95 56
5816 5632 95 55
5824 5618 95 54
5832 5628 95 54
5840 5648 95 54
5848 5660 95 56
5856 5654 95 57
5864 5659 95 55
5872 5672 95 57
5880 5654 94 57
5888 5667 95 53
5896 5711 95 57
5904 5677 95 57
5912 5710 95 56
5920 5713 95 56
5928 5693 95 58
5936 5738 95 60
5944 5710 95 58
5952 5772 95 56
5960 5713 95 57
5968 5773 95 56
5976 5764 95 57
5984 5761 95 58
5992 5776 95 58
6000 5773 95 57
6008 5783 95 56
6016 5792 95 56
6024 5773 94 55
6032 5798 95 57
6040 5817 95 59
6048 5830 95 60
6056 5819 95 57
6064 5833 95 69
6072 5800 94 65
6080 5849 95 69
6088 5856 95 85
6096 5843 95 60
6104 5909 95 57
6112 5869 95 59
6120 5891 95 57
6128 5910 95 57
6136 5879 95 61
6144 5887 95 58
6152 5895 95 58
6160 5905 95 60
6168 5933 95 59
6176 5938 95 58
6184 5944 95 60
6192 5940 95 60
6200 5942 95 59
6208 5958 95 61
6216 5945 95 61
6224 5948 95 57
6232 5968 95 60
6240 5975 95 60
6248 5992 95 61
6256 6009 95 60
6264 6001 95 60
6272 5982 95 60
6280 6002 95 60
6288 6024 95 59
6296 6013 95 60
6304 6028 95 62
6312 6062 95 59
6320 6037 95 58
6328 6070 95 62
6336 6072 95 62
6344 6075 95 62
6352 6091 95 61
6360 6099 95 63
6368 6079 95 60
6376 6080 95 65
6384 6111 95 59
6392 6104 95 61
6400 6122 94 62
6408 6151 95 59
6416 6099 95 59
6424 6145 95 64
6432 6103 95 64
6440 6145 95 61
6448 6172 95 61
6456 6161 95 64
6464 6187 95 61
6472 6199 95 63
6480 6190 95 65
6488 6166 95 64
6496 6234 95 64
6504 6203 95 63
6512 6238 95 62
6520 6189 95 60
6528 6231 95 64
6536 6230 95 63
6544 6242 95 64
6552 6258 95 64
6560 6252 95 62
6568 6236 95 64
6576 6219 95 60
6584 6277 95 60
6592 6269 95 66
6600 6285 95 64
6608 6278 95 63
6616 6282 95 63
6624 6305 95 61
6632 6308 95 62
6640 6325 95 64
6648 6313 95 63
6656 6375 95 65
6664 6311 95 63
6672 6319 95 65
6680 6335 95 62
6688 6338 95 63
6696 6366 95 66
6704 6353 95 63
6712 6378 95 62
6720 6410 95 64
6728 6377 95 64
6736 6404 95 66
6744 6413 95 64
6752 6410 95 65
6760 6429 95 64
6768 6437 95 61
6776 6447 95 65
6784 6454 95 64
6792 6432 95 64
6800 6457 95 67
6808 6507 95 64
6816 6475 95 66
6824 6484 95 63
6832 6481 95 65
6840 6529 95 66
6848 6523 95 67
6856 6494 95 66
6864 6494 95 65
6872 6525 95 66
6880 6503 95 67
6888 6503 95 64
6896 6496 95 65
6904 6554 95 67
6912 6535 95 64
6920 6567 95 68
6928 6564 95 66
6936 6576 95 65
6944 6583 95 65
6952 6595 95 66
6960 6583 95 64
6968 6594 95 68
6976 6626 95 65
6984 6612 95 68
6992 6617 95 66
7000 6621 95 65
7008 6613 95 68
7016 6647 95 68
7024 6639 95 68
7032 6630 95 67
7040 6651 95 67
7048 6637 95 65
7056 6645 95 72
7064 6660 95 66
7072 6665 95 66
7080 6686 95 65
7088 6700 95 64
7096 6701 95 67
7104 6704 95 66
7112 6732 95 69
7120 6716 95 66
7128 6714 95 69
7136 6740 95 70
7144 6747 95 66
7152 6742 95 70
7160 6747 95 69
7168 6780 95 69
7176 6739 95 68
7184 6778 95 68
7192 6762 95 70
7200 6757 95 67
7208 6774 95 68
7216 6808 95 66
7224 6790 95 67
7232 6823 95 71
7240 6807 95 70
7248 6810 95 67
7256 6855 95 71
7264 6838 95 70
7272 6862 95 69
7280 6855 95 70
7288 6845 95 67
7296 6867 95 70
7304 6874 95 69
7312 6864 95 70
7320 6861 95 70
7328 6892 95 73
7336 6933 95 68
7344 6910 95 69
7352 6925 95 72
7360 6932 95 69
7368 6915 95 70
7376 6933 95 72
7384 6957 95 70
7392 6948 95 70
7400 6940 95 72
7408 6933 95 70
7416 6981 95 71
7424 6952 95 70
7432 6984 95 70
7440 6990 95 71
7448 7006 95 72
7456 7000 95 71
7464 7002 95 71
7472 7023 95 70
7480 7037 95 72
7488 7012 95 70
7496 7026 95 74
7504 7047 95 75
7512 7042 95 73
7520 7054 95 74
7528 7063 95 70
7536 7081 95 70
7544 7039 95 72
7552 7098 95 72
7560 7083 95 70
7568 7069 95 72
7576 7100 95 72
7584 7134 95 70
7592 7127 95 71
7600 7091 95 73
7608 7142 95 73
7616 7153 95 71
7624 7117 95 71
7632 7145 95 71
7640 7151 95 74
7648 7191 95 71
7656 7171 95 71
7664 7189 95 73
7672 7164 95 74
7680 7224 95 74
7688 7193 95 74
7696 7217 95 74
7704 7214 95 71
7712 7202 95 75
7720 7230 95 71
7728 7239 95 74
7736 7235 95 74
7744 7238 95 71
7752 7253 95 75
7760 7270 95 74
7768 7253 95 74
7776 7258 95 73
7784 7262 95 74
7792 7286 95 72
7800 7260 95 72
7808 7317 95 84
7816 7297 95 72
7824 7288 95 72
7832 7338 95 73
7840 7337 95 72
7848 7337 95 77
7856 7329 95 72
7864 7366 95 76
7872 7345 95 76
7880 7356 95 72
7888 7380 95 77
7896 7376 95 77
7904 7366 95 72
7912 7398 95 78
7920 7368 95 77
7928 7424 95 75
7936 7416 95 74
7944 7410 95 72
7952 7405 95 77
7960 7418 95 75
7968 7396 95 76
7976 7436 95 73
7984 7444 95 74
7992 7451 95 72
8000 7486 95 72
8008 7476 95 75
8016 7456 95 74
8024 7486 95 75
8032 7504 95 72
8040 7494 95 72
8048 7493 95 76
8056 7459 95 75
8064 7494 95 76
8072 7545 95 75
8080 7494 95 75
8088 7538 95 74
8096 7526 95 75
8104 7568 95 78
8112 7564 95 76
8120 7518 95 77
8128 7580 95 75
8136 7573 95 74
8144 7575 95 77
8152 7595 95 79
8160 7572 95 79
8168 7605 95 77
8176 7630 95 75
8184 7608 95 76
8192 7622 95 76
8200 7623 95 76
8208 7621 95 78
8216 7659 95 76
8224 7661 95 76
8232 7647 95 77
8240 7601 95 78
8248 7669 95 75
8256 7676 95 79
8264 7680 95 78
8272 7689 95 76
8280 7703 95 76
8288 7714 95 77
8296 7693 95 80
8304 7723 95 81
8312 7704 95 80
8320 7706 95 81
8328 7713 95 78
8336 7729 95 79
8344 7732 95 81
8352 7732 95 77
8360 7742 95 78
8368 7782 95 78
8376 7772 95 77
8384 7797 95 80
8392 7790 95 77
8400 7825 95 79
8408 7800 95 79
8416 7777 95 81
8424 7835 95 78
8432 7824 95 78
8440 7793 95 78
8448 7850 95 78
8456 7838 95 78
8464 7842 95 79
8472 7836 95 79
8480 7856 95 83
8488 7905 95 80
8496 7862 95 80
8504 7866 95 81
8512 7885 95 81
8520 7902 95 79
8528 7901 95 81
8536 7922 95 82
8544 7937 95 81
8552 7921 95 78
8560 7918 95 80
8568 7929 95 80
8576 7930 95 78
8584 7936 95 81
8592 7951 95 78
8600 7940 95 81
8608 7975 95 82
8616 7940 95 78
8624 7990 95 78
8632 7992 95 85
8640 8007 95 80
8648 7960 95 81
8656 8012 95 79
8664 8038 95 83
8672 8012 95 85
8680 8014 95 81
8688 8033 95 78
8696 8015 95 80
8704 8031 95 83
8712 8052 95 83
8720 8074 95 83
8728 8032 95 81
8736 8065 95 81
8744 8097 95 80
8752 8086 95 83
8760 8080 95 80
8768 8119 95 82
8776 8121 95 80
8784 8141 95 80
8792 8143 95 85
8800 8132 95 82
8808 8146 95 80
8816 8156 95 80
8824 8146 95 80
8832 8155 95 82
8840 8146 95 84
8848 8149 95 81
8856 8173 95 80
8864 8189 95 83
8872 8190 95 82
8880 8181 95 84
8888 8169 95 84
8896 8200 95 86
8904 8194 95 86
8912 8230 95 83
8920 8234 95 82
8928 8266 95 82
8936 8252 95 83
8944 8209 95 85
8952 8223 95 83
8960 8273 95 83
8968 8237 95 85
8976 8251 95 82
8984 8281 95 85
8992 8278 95 81
9000 8289 95 87
9008 8334 95 86
9016 8296 95 83
9024 8319 95 84
9032 8304 95 83
9040 8347 95 84
9048 8337 95 86
9056 8326 95 86
9064 8364 95 82
9072 8340 95 83
9080 8351 95 84
9088 8382 95 87
9096 8369 95 85
9104 8386 95 85
9112 8394 95 87
9120 8388 95 83
9128 8373 95 90
9136 8433 95 85
9144 8409 95 85
9152 8440 95 85
9160 8425 95 84
9168 8430 95 87
9176 8441 95 85
9184 8451 95 85
9192 8485 95 87
9200 8486 95 85
9208 8486 95 85
9216 8470 95 84
9224 8452 95 86
9232 8456 95 87
9240 8510 95 83
9248 8506 95 86
9256 8541 95 84
9264 8513 95 83
9272 8519 95 88
9280 8524 95 88
9288 8532 95 87
9296 8544 95 84
9304 8544 95 85
9312 8545 95 89
9320 8548 95 85
9328 8544 95 87
9336 8568 95 86
9344 8566 95 85
9352 8627 95 84
9360 8565 95 85
9368 8599 95 86
9376 8604 95 87
9384 8555 95 87
9392 8626 95 89
9400 8602 95 90
9408 8661 95 86
9416 8655 95 89
9424 8633 95 86
9432 8640 95 89
9440 8649 95 90
9448 8664 95 85
9456 8679 95 85
9464 8676 95 89
9472 8717 95 90
9480 8664 95 90
9488 8707 95 88
9496 8711 95 87
9504 8746 95 86
9512 8726 95 86
9520 8688 95 91
9528 8737 95 87
9536 8749 95 90
9544 8760 95 89
9552 8745 95 89
9560 8726 95 86
9568 8765 95 91
9576 8776 95 90
9584 8766 95 85
9592 8770 95 88
9600 8821 95 87
9608 8825 95 87
9616 8811 95 91
9624 8829 95 91
9632 8835 95 87
9640 8833 95 88
9648 8829 95 88
9656 8846 95 89
9664 8834 95 91
9672 8847 95 90
9680 8835 95 91
9688 8853 95 93
9696 8863 95 89
9704 8885 95 90
9712 8877 95 89
9720 8891 95 88
9728 8858 95 93
9736 8884 95 92
9744 8899 95 93
9752 8889 95 89
9760 8926 95 92
9768 8920 95 91
9776 8935 95 87
9784 8944 95 89
9792 8954 95 91
9800 8983 95 91
9808 8955 95 89
9816 8939 95 87
9824 8986 95 92
9832 9010 95 90
9840 8989 95 88
9848 8980 95 88
9856 9011 95 91
9864 9034 95 88
9872 9020 95 87
9880 9061 95 89
9888 9031 95 94
9896 9051 95 89
9904 9058 95 92
9912 9081 95 91
9920 9036 95 93
9928 9071 95 89
9936 9054 95 93
9944 9078 95 93
9952 9112 95 90
9960 9062 95 96
9968 9100 95 91
9976 9094 95 94
9984 9118 95 89
9992 9119 95 93
10000 9132 95 91
10008 9133 95 90
10016 9135 95 92
10024 9159 95 94
10032 9124 95 91
10040 9156 95 90
10048 9161 95 93
10056 9163 95 94
10064 9178 95 92
10072 9150 95 91
10080 9226 95 91
10088 9182 95 90
10096 9190 95 91
10104 9188 95 94
10112 9241 95 96
10120 9239 95 94
10128 9208 95 95
10136 9249 95 92
10144 9249 95 92
10152 9238 95 97
10160 9272 95 91
10168 9283 95 93
10176 9272 95 93
10184 9269 95 93
10192 9298 95 94
10200 9294 95 93
10208 9289 95 95
10216 9322 95 93
10224 9332 95 93
10232 9332 95 93
10240 9304 95 96
10248 9334 95 94
10256 9340 95 97
10264 9332 95 92
10272 9352 95 93
10280 9364 95 94
10288 9364 95 97
10296 9373 95 94
10304 9384 95 94
10312 9358 95 93
10320 9404 95 94
10328 9373 95 97
10336 9408 95 94
10344 9414 95 95
10352 9408 95 96
10360 9416 95 96
10368 9440 95 98
10376 9448 95 94
10384 9465 95 94
10392 9444 95 96
10400 9483 95 96
10408 9451 95 95
10416 9456 95 97
10424 9492 95 95
10432 9472 95 94
10440 9513 95 95
10448 9513 95 96
10456 9494 95 94
10464 9512 95 95
10472 9503 95 93
10480 9540 95 97
10488 9542 95 98
10496 9530 95 96
10504 9559 95 97
10512 9561 95 97
10520 9577 95 98
10528 9574 95 94
10536 9561 95 99
10544 9572 95 94
10552 9624 95 97
10560 9619 95 97
10568 9618 95 99
10576 9610 95 98
10584 9646 95 95
10592 9639 95 97
10600 9645 95 96
10608 9643 95 98
10616 9668 95 95
10624 9666 95 98
10632 9633 95 99
10640 9664 95 95
10648 9669 95 98
10656 9694 95 97
10664 9709 95 98
10672 9670 95 96
10680 9695 95 98
10688 9696 95 99
10696 9736 95 95
10704 9724 95 99
10712 9714 95 98
10720 9769 95 101
10728 9742 95 96
10736 9749 95 99
10744 9723 95 96
10752 9760 95 99
10760 9756 95 97
10768 9791 95 98
10776 9771 95 95
10784 9778 95 100
10792 9823 95 101
10800 9799 95 98
10808 9797 95 100
10816 9822 95 99
10824 9823 95 98
10832 9853 95 99
10840 9795 95 99
10848 9811 95 95
10856 9837 95 98
10864 9883 95 102
10872 9836 95 100
10880 9897 95 101
10888 9866 95 99
10896 9892 95 100
10904 9880 95 99
10912 9918 95 102
10920 9879 95 100
10928 9910 95 100
10936 9905 95 101
10944 9916 95 100
10952 9915 95 100
10960 9916 95 100
10968 9943 95 95
10976 9970 95 98
10984 9909 95 101
10992 9941 95 99
11000 9940 95 102
11008 10001 95 99
11016 9956 95 100
11024 10009 95 104
11032 9985 95 96
11040 10017 95 102
11048 9993 95 99
11056 9991 95 102
11064 10039 95 101
11072 10011 95 101
11080 10036 95 103
11088 10010 95 98
11096 10047 95 104
11104 10093 95 101
11112 10038 95 100
11120 10069 95 101
11128 10079 95 103
11136 10063 95 103
11144 10096 95 104
11152 10074 95 99
11160 10093 95 102
11168 10110 95 100
11176 10124 95 102
11184 10107 95 101
11192 10117 95 103
11200 10098 95 102
11208 10132 95 102
11216 10144 95 101
11224 10127 95 101
11232 10167 95 105
11240 10165 95 101
11248 10166 95 99
11256 10148 95 101
11264 10196 95 102
11272 10212 95 101
11280 10169 95 104
11288 10200 95 103
11296 10234 95 104
11304 10227 95 103
11312 10180 95 103
11320 10246 95 105
11328 10229 95 104
11336 10217 95 103
11344 10241 95 100
11352 10258 95 103
11360 10273 95 100
11368 10289 95 103
11376 10306 95 103
11384 10297 95 107
11392 10334 95 102
11400 10310 95 103
11408 10318 95 104
11416 10321 95 99
11424 10322 95 106
11432 10329 95 101
11440 10346 95 105
11448 10344 95 104
11456 10341 95 105
11464 10363 95 103
11472 10373 95 105
11480 10355 95 105
11488 10390 95 104
11496 10391 95 105
11504 10384 95 100
11512 10377 95 106
11520 10367 95 103
11528 10410 95 105
11536 10429 95 103
11544 10422 95 105
11552 10397 95 105
11560 10443 95 104
11568 10449 95 101
11576 10425 95 107
11584 10456 95 106
11592 10466 95 106
11600 10451 95 107
11608 10472 95 107
11616 10507 95 110
11624 10477 95 108
11632 10481 95 103
11640 10505 95 105
11648 10496 95 102
11656 10483 95 107
11664 10527 95 106
11672 10509 95 106
11680 10558 95 105
11688 10550 95 105
11696 10554 95 103
11704 10545 95 105
11712 10570 95 107
11720 10554 95 102
11728 10557 95 104
11736 10581 95 104
11744 10616 95 110
11752 10579 95 104
11760 10612 95 105
11768 10583 95 106
11776 10585 95 107
11784 10633 95 106
11792 10644 95 108
11800 10653 95 106
11808 10638 95 109
11816 10670 95 107
11824 10671 95 108
11832 10624 95 107
11840 10687 95 104
11848 10673 95 110
11856 10677 95 109
11864 10651 95 106
11872 10708 95 104
11880 10694 95 106
11888 10712 95 105
11896 10713 95 106
11904 10731 95 105
11912 10745 95 107
11920 10791 95 104
11928 10742 95 107
11936 10715 95 108
11944 10755 95 111
11952 10765 95 107
11960 10771 95 108
11968 10753 95 109
11976 10773 95 111
11984 10776 95 110
11992 10777 95 108
12000 10817 95 108
12008 10806 95 109
12016 10806 95 111
12024 10814 95 109
12032 10817 95 108
12040 10864 95 106
12048 10830 95 109
12056 10886 95 109
12064 10863 95 112
12072 10852 95 112
12080 10905 95 106
12088 10862 95 107
12096 10862 95 108
12104 10905 95 106
12112 10883 95 110
12120 10890 95 107
12128 10869 95 111
12136 10903 95 112
12144 10927 95 105
12152 10885 95 110
12160 10931 95 106
12168 10953 95 108
12176 10960 95 110
12184 10971 95 109
12192 10939 95 111
12200 10947 95 111
12208 10996 95 109
12216 10983 95 107
12224 11024 95 109
12232 11009 95 106
12240 11003 95 111
12248 11014 95 107
12256 11007 95 112
12264 11015 95 111
12272 11012 95 108
12280 11047 95 109
12288 11046 95 106
12296 11024 95 111
12304 11048 95 110
12312 11083 95 108
12320 11061 95 107
12328 11051 95 112
12336 11045 95 108
12344 11129 95 109
12352 11103 95 108
12360 11078 95 109
12368 11079 95 108
12376 11094 95 108
12384 11114 95 112
12392 11115 95 119
12400 11124 95 111
12408 11125 95 109
12416 11169 95 109
12424 11153 95 113
12432 11216 95 107
12440 11178 95 112
12448 11143 95 112
12456 11187 95 110
12464 11218 95 110
12472 11209 95 110
12480 11208 95 114
12488 11154 95 114
12496 11190 95 118
12504 11211 95 108
12512 11253 95 115
12520 11217 95 110
12528 11212 95 116
12536 11246 95 112
12544 11259 95 110
12552 11270 95 111
12560 11287 95 112
12568 11271 95 113
12576 11271 95 113
12584 11288 95 111
12592 11311 95 113
12600 11263 95 113
12608 11328 95 110
12616 11328 95 114
12624 11301 95 117
12632 11313 95 113
12640 11297 95 112
12648 11318 95 114
12656 11312 95 113
12664 11338 95 113
12672 11358 95 114
12680 11350 95 112
12688 11393 95 109
12696 11400 95 114
12704 11403 95 114
12712 11360 95 112
12720 11397 95 113
12728 11413 95 112
12736 11407 95 112
12744 11413 95 113
12752 11368 95 114
12760 11463 95 112
12768 11434 95 113
12776 11434 95 114
12784 11469 95 115
12792 11437 95 117
12800 11503 95 118
12808 11433 95 115
12816 11471 95 115
12824 11513 95 119
12832 11499 95 112
12840 11497 95 119
12848 11532 95 115
12856 11492 95 115
12864 11529 95 116
12872 11526 95 112
12880 11557 95 117
12888 11497 95 119
12896 11580 95 118
12904 11511 95 116
12912 11591 95 112
12920 11574 95 114
12928 11601 95 116
12936 11607 95 115
12944 11603 95 116
12952 11599 95 115
12960 11601 95 115
12968 11591 95 117
12976 11569 95 116
12984 11638 95 117
12992 11601 95 115
13000 11643 95 112
13008 11615 95 116
13016 11617 95 117
13024 11627 95 119
13032 11645 95 116
13040 11673 95 117
13048 11671 95 114
13056 11699 95 115
13064 11695 95 117
13072 11693 95 119
13080 11668 95 119
13088 11682 95 116
13096 11715 95 118
13104 11706 95 119
13112 11718 95 114
13120 11714 95 118
13128 11742 95 117
13136 11719 95 116
13144 11756 95 113
13152 11761 95 117
13160 11741 95 113
13168 11804 95 116
13176 11801 95 117
13184 11740 95 118
13192 11788 95 121
13200 11783 95 118
13208 11812 95 118
13216 11821 95 116
13224 11804 95 117
13232 11853 95 116
13240 11811 95 133
13248 11848 95 136
13256 11842 95 130
13264 11862 95 144
13272 11822 95 154
13280 11855 95 122
13288 11854 95 118
13296 11856 95 119
13304 11894 95 119
13312 11870 95 118
13320 11886 95 118
13328 11881 95 123
13336 11928 95 124
13344 11909 95 122
13352 11953 95 128
13360 11941 95 122
13368 11931 95 125
13376 11962 95 124
13384 11967 95 123
13392 11993 95 124
13400 12012 95 121
13408 11977 95 125
13416 12015 95 122
13424 11996 95 127
13432 11984 95 125
13440 12018 95 125
13448 12020 95 120
13456 11995 95 120
13464 12020 95 121
13472 12012 95 119
13480 12082 95 119
13488 11999 95 121
13496 12061 95 117
13504 12053 95 124
13512 12086 95 129
13520 12075 95 118
13528 12059 95 137
13536 12048 95 127
13544 12109 95 120
13552 12097 95 119
13560 12084 95 120
13568 12115 95 119
13576 12101 95 122
13584 12172 95 124
13592 12120 95 122
13600 12153 95 123
13608 12177 95 122
13616 12140 95 129
13624 12152 95 119
13632 12144 95 127
13640 12169 95 126
13648 12182 95 120
13656 12183 95 119
13664 12209 95 121
13672 12195 95 124
13680 12205 95 124
13688 12175 95 127
13696 12216 95 137
13704 12205 95 155
13712 12229 95 126
13720 12217 95 122
13728 12245 95 121
13736 12224 95 122
13744 12255 95 122
13752 12265 95 122
13760 12273 95 123
13768 12288 95 126
13776 12245 95 122
13784 12283 95 131
13792 12236 95 123
13800 12249 95 125
13808 12311 95 124
13816 12321 95 128
13824 12295 95 126
13832 12340 95 134
13840 12330 95 130
13848 12367 95 139
13856 12354 95 137
13864 12338 95 136
13872 12380 95 137
13880 12373 95 133
13888 12367 95 140
13896 12368 95 135
13904 12380 95 137
13912 12413 95 142
13920 12374 95 132
13928 12418 95 137
13936 12413 95 136
13944 12429 95 140
13952 12406 95 139
13960 12430 95 138
13968 12469 95 134
13976 12458 95 138
13984 12477 95 131
13992 12439 95 134
14000 12439 95 134
14008 12439 95 136
14016 12491 95 161
14024 12491 95 148
14032 12472 95 148
14040 12511 95 160
14048 12500 95 155
14056 12526 95 157
14064 12465 95 179
14072 12524 95 151
14080 12498 95 161
14088 12544 95 152
14096 12557 95 164
14104 12548 95 145
14112 12584 95 146
14120 12567 95 179
14128 12587 95 164
14136 12611 95 160
14144 12610 95 167
14152 12577 95 161
14160 12586 95 155
14168 12580 95 165
14176 12626 95 154
14184 12609 95 148
14192 12599 95 156
14200 12633 95 150
14208 12651 95 152
14216 12666 95 152
14224 12634 95 166
14232 12658 95 145
14240 12686 95 143
14248 12639 95 144
14256 12676 95 152
14264 12680 95 154
14272 12648 95 154
14280 12700 95 143
14288 12752 95 154
14296 12727 95 164
14304 12747 95 154
14312 12717 95 157
14320 12726 95 166
14328 12784 95 150
14336 12749 95 148
14344 12728 95 161
14352 12784 95 147
14360 12757 95 147
14368 12735 95 165
14376 12794 95 156
14384 12795 95 150
14392 12797 95 142
14400 12807 95 145
14408 12804 95 140
14416 12820 95 154
14424 12803 95 155
14432 12825 95 166
14440 12782 95 153
14448 12830 95 156
14456 12856 95 158
14464 12893 95 156
14472 12840 95 168
14480 12867 95 161
14488 12874 95 155
14496 12881 95 191
14504 12869 95 156
14512 12873 95 150
14520 12909 95 153
14528 12901 95 148
14536 12889 95 158
14544 12951 95 147
14552 12940 95 145
14560 12940 95 138
14568 12936 95 142
14576 12953 95 138
14584 12921 95 144
14592 12980 95 147
14600 12996 95 139
14608 12998 95 141
14616 12980 95 176
14624 12918 95 157
14632 12997 95 165
14640 13031 95 175
14648 13013 95 151
14656 13014 95 146
14664 13001 95 150
14672 13027 95 141
14680 13034 95 139
14688 13078 95 147
14696 13039 95 154
14704 13067 95 165
14712 13060 95 173
14720 13121 95 158
14728 13070 95 162
14736 13101 95 162
14744 13055 95 154
14752 13091 95 144
14760 13079 95 149
14768 13153 95 163
14776 13108 95 147
14784 13138 95 146
14792 13137 95 162
14800 13144 95 161
14808 13092 95 163
14816 13147 95 168
14824 13151 95 190
14832 13156 95 163
14840 13160 95 148
14848 13157 95 154
14856 13161 95 165
14864 13192 95 166
14872 13164 95 162
14880 13202 95 155
14888 13205 95 162
14896 13234 95 156
14904 13253 95 149
14912 13253 95 135
14920 13248 95 131
14928 13234 95 133
14936 13224 95 135
14944 13248 95 135
14952 13237 95 129
14960 13261 95 131
14968 13293 95 126
14976 13248 95 134
14984 13302 95 128
14992 13260 95 129
15000 13319 95 130
15008 13320 95 130
15016 13299 95 134
15024 13341 95 131
15032 13334 95 128
15040 13359 95 129
15048 13318 95 128
15056 13343 95 129
15064 13361 95 132
15072 13358 95 134
15080 13344 95 134
15088 13380 95 128
15096 13413 95 131
15104 13391 95 132
15112 13361 95 133
15120 13441 95 130
15128 13419 95 133
15136 13428 95 130
15144 13416 95 129
15152 13400 95 137
15160 13418 95 131
15168 13446 95 133
15176 13474 95 131
15184 13428 95 135
15192 13445 95 136
15200 13419 95 132
15208 13450 95 130
15216 13475 95 133
15224 13496 95 130
15232 13503 95 132
15240 13488 95 133
15248 13524 95 136
15256 13514 95 129
15264 13517 95 131
15272 13532 95 130
15280 13527 95 131
15288 13542 95 130
15296 13539 95 134
15304 13541 95 134
15312 13538 95 134
15320 13532 95 135
15328 13613 95 132
15336 13563 95 132
15344 13566 95 135
15352 13601 95 131
15360 13580 95 135
15368 13636 95 133
15376 13617 95 133
15384 13618 95 133
15392 13599 95 134
15400 13635 95 136
15408 13649 95 133
15416 13685 95 131
15424 13663 95 130
15432 13652 95 134
15440 13643 95 137
15448 13669 95 135
15456 13669 95 134
15464 13659 95 135
15472 13697 95 138
15480 13693 95 132
15488 13740 95 133
15496 13701 95 134
15504 13739 95 131
15512 13719 95 137
15520 13723 95 139
15528 13734 95 134
15536 13765 95 134
15544 13745 95 133
15552 13747 95 135
15560 13770 95 133
15568 13754 95 137
15576 13765 95 133
15584 13790 95 136
15592 13768 95 138
15600 13782 95 136
15608 13854 95 133
15616 13812 95 133
15624 13842 95 135
15632 13790 95 134
15640 13844 95 136
15648 13842 95 134
15656 13837 95 136
15664 13863 95 138
15672 13893 95 135
15680 13878 95 137
15688 13878 95 132
15696 13884 95 134
15704 13856 95 134
15712 13905 95 137
15720 13905 95 136
15728 13967 95 131
15736 13939 95 138
15744 13907 95 133
15752 13954 95 130
15760 13934 95 140
15768 13958 95 134
15776 13940 95 139
15784 13956 95 134
15792 13959 95 133
15800 13959 95 138
15808 13947 95 138
15816 13998 95 138
15824 14002 95 135
15832 13998 95 138
15840 14033 95 135
15848 14014 95 139
15856 13996 95 138
15864 13993 95 138
15872 14029 95 135
15880 14060 95 134
15888 14067 95 138
15896 14014 95 141
15904 14047 95 138
15912 14064 95 135
15920 14007 95 137
15928 14054 95 142
15936 14097 95 137
15944 14096 95 136
15952 14080 95 140
15960 14097 95 138
15968 14138 95 133
15976 14121 95 138
15984 14059 95 138
15992 14113 95 139
16000 14113 95 137
16008 14169 95 138
16016 14146 95 135
16024 14161 95 135
16032 14169 95 140
16040 14145 95 140
16048 14153 95 137
16056 14155 95 141
16064 14174 95 137
16072 14191 95 144
16080 14192 95 139
16088 14247 95 137
16096 14219 95 137
16104 14205 95 138
16112 14251 95 136
16120 14259 95 138
16128 14289 95 137
16136 14249 95 136
16144 14296 95 140
16152 14297 95 136
16160 14266 95 144
16168 14247 95 140
16176 14259 95 139
16184 14294 95 141
16192 14304 95 143
16200 14326 95 137
16208 14347 95 135
16216 14304 95 141
16224 14349 95 140
16232 14315 95 139
16240 14296 95 143
16248 14374 95 137
16256 14345 95 139
16264 14367 95 141
16272 14398 95 143
16280 14364 95 140
16288 14363 95 139
16296 14354 95 141
16304 14373 95 143
16312 14374 95 139
16320 14414 95 142
16328 14402 95 142
16336 14440 95 142
16344 14420 95 143
16352 14462 95 140
16360 14458 95 137
16368 14477 95 147
16376 14419 95 144
16384 14450 95 142
16392 14436 95 142
16400 14480 95 142
16408 14472 95 139
16416 14486 95 143
16424 14491 95 143
16432 14510 95 140
16440 14494 95 138
16448 14530 95 139
16456 14539 95 140
16464 14510 95 142
16472 14537 95 144
16480 14513 95 144
16488 14545 95 138
16496 14548 95 141
16504 14573 95 142
16512 14576 95 143
16520 14590 95 144
16528 14574 95 137
16536 14614 95 144
16544 14600 95 138
16552 14561 95 142
16560 14578 95 145
16568 14577 95 142
16576 14605 95 140
16584 14620 95 141
16592 14633 95 147
16600 14635 95 142
16608 14635 95 145
16616 14656 95 144
16624 14633 95 143
16632 14704 95 142
16640 14688 95 141
16648 14706 95 144
16656 14681 95 141
16664 14694 95 140
16672 14654 95 145
16680 14677 95 148
16688 14701 95 144
16696 14660 95 144
16704 14712 95 143
16712 14729 95 143
16720 14708 95 146
16728 14775 95 146
16736 14738 95 143
16744 14772 95 139
16752 14734 95 143
16760 14784 95 143
16768 14781 95 146
16776 14759 95 145
16784 14828 95 142
16792 14800 95 147
16800 14817 95 145
16808 14828 95 143
16816 14837 95 140
16824 14831 95 149
16832 14796 95 144
16840 14838 95 146
16848 14888 95 141
16856 14853 95 146
16864 14861 95 143
16872 14836 95 144
16880 14875 95 145
16888 14919 95 142
16896 14884 95 144
16904 14910 95 144
16912 14885 95 139
16920 14849 95 145
16928 14933 95 144
16936 14943 95 142
16944 14954 95 142
16952 14918 95 152
16960 14962 95 141
16968 14894 95 146
16976 14945 95 148
16984 14937 95 145
16992 14947 95 144
17000 14983 95 145
17008 15003 95 145
17016 14943 95 149
17024 14982 95 148
17032 15040 95 141
17040 14997 95 147
17048 14995 95 142
17056 14994 95 143
17064 15028 95 150
17072 15036 95 148
17080 15005 95 144
17088 15030 95 145
17096 15058 95 149
17104 15063 95 144
17112 15070 95 146
17120 15077 95 143
17128 15053 95 144
17136 15089 95 147
17144 15058 95 148
17152 15085 95 150
17160 15095 95 147
17168 15119 95 149
17176 15151 95 146
17184 15111 95 148
17192 15163 95 144
17200 15136 95 149
17208 15152 95 146
17216 15140 95 146
17224 15167 95 147
17232 15143 95 144
17240 15156 95 147
17248 15186 95 146
17256 15164 95 148
17264 15214 95 143
17272 15172 95 148
17280 15208 95 146
17288 15208 95 151
17296 15232 95 144
17304 15197 95 150
17312 15231 95 152
17320 15216 95 148
17328 15225 95 144
17336 15263 95 149
17344 15308 95 149
17352 15272 95 157
17360 15269 95 152
17368 15277 95 145
17376 15290 95 149
17384 15286 95 149
17392 15292 95 147
17400 15320 95 149
17408 15275 95 147
17416 15342 95 150
17424 15320 95 146
17432 15383 95 146
17440 15338 95 149
17448 15333 95 151
17456 15334 95 147
17464 15318 95 150
17472 15340 95 148
17480 15333 95 150
17488 15416 95 146
17496 15387 95 147
17504 15353 95 148
17512 15420 95 150
17520 15388 95 149
17528 15394 95 147
17536 15412 95 151
17544 15454 95 144
17552 15449 95 148
17560 15434 95 150
17568 15459 95 145
17576 15451 95 147
17584 15496 95 156
17592 15457 95 148
17600 15498 95 147
17608 15441 95 152
17616 15475 95 151
17624 15519 95 147
17632 15510 95 151
17640 15487 95 150
17648 15519 95 152
17656 15518 95 148
17664 15495 95 152
17672 15522 95 153
17680 15538 95 150
17688 15569 95 150
17696 15555 95 150
17704 15541 95 148
17712 15574 95 150
17720 15554 95 151
17728 15598 95 148
17736 15589 95 148
17744 15605 95 148
17752 15591 95 150
17760 15617 95 145
17768 15585 95 152
17776 15619 95 152
17784 15636 95 153
17792 15615 95 152
17800 15643 95 150
17808 15653 95 153
17816 15663 95 153
17824 15672 95 152
17832 15650 95 146
17840 15704 95 148
17848 15664 95 154
17856 15663 95 151
17864 15679 95 149
17872 15681 95 151
17880 15680 95 153
17888 15688 95 150
17896 15732 95 150
17904 15739 95 154
17912 15712 95 148
17920 15742 95 153
17928 15743 95 149
17936 15691 95 152
17944 15816 95 151
17952 15775 95 155
17960 15779 95 150
17968 15745 95 152
17976 15781 95 152
17984 15832 95 151
17992 15774 95 156
18000 15824 95 155
18008 15843 95 155
18016 15858 95 150
18024 15806 95 149
18032 15787 95 153
18040 15855 95 153
18048 15844 95 152
18056 15880 95 149
18064 15870 95 159
18072 15837 95 153
18080 15866 95 152
18088 15881 95 152
18096 15913 95 155
18104 15886 95 153
18112 15934 95 154
18120 15884 95 151
18128 15899 95 149
18136 15939 95 152
18144 15921 95 154
18152 15949 95 153
18160 15932 95 157
18168 15932 95 154
18176 15951 95 151
18184 15982 95 151
18192 15920 95 158
18200 15974 95 150
18208 15997 95 154
18216 16024 95 154
18224 15966 95 154
18232 15981 95 156
18240 16006 95 152
18248 16031 95 158
18256 16033 95 152
18264 16012 95 153
18272 16002 95 156
18280 16014 95 150
18288 15986 95 155
18296 16075 95 155
18304 16056 95 153
18312 16124 95 156
18320 16074 95 154
18328 16052 95 154
18336 16050 95 157
18344 16105 95 154
18352 16080 95 153
18360 16073 95 166
18368 16127 95 156
18376 16101 95 155
18384 16132 95 153
18392 16090 95 154
18400 16186 95 156
18408 16168 95 156
18416 16171 95 151
18424 16157 95 157
18432 16203 95 152
18440 16143 95 156
18448 16165 95 152
18456 16176 95 155
18464 16220 95 155
18472 16210 95 156
18480 16205 95 160
18488 16186 95 159
18496 16231 95 154
18504 16194 95 155
18512 16224 95 158
18520 16255 95 157
18528 16256 95 153
18536 16238 95 161
18544 16269 95 159
18552 16242 95 154
18560 16248 95 154
18568 16254 95 159
18576 16276 95 158
18584 16292 95 154
18592 16340 95 158
18600 16277 95 161
18608 16365 95 157
18616 16319 95 159
18624 16306 95 157
18632 16337 95 156
18640 16399 95 157
18648 16330 95 162
18656 16326 95 155
18664 16358 95 157
18672 16375 95 160
18680 16398 95 155
18688 16374 95 160
18696 16420 95 156
18704 16406 95 156
18712 16400 95 156
18720 16405 95 153
18728 16427 95 162
18736 16414 95 156
18744 16369 95 159
18752 16451 95 155
18760 16447 95 158
18768 16452 95 157
18776 16453 95 157
18784 16452 95 160
18792 16472 95 161
18800 16440 95 160
18808 16494 95 156
18816 16438 95 159
18824 16523 95 161
18832 16510 95 157
18840 16486 95 161
18848 16497 95 155
18856 16497 95 160
18864 16529 95 157
18872 16585 95 159
18880 16566 95 154
18888 16543 95 160
18896 16556 95 159
18904 16567 95 156
18912 16549 95 160
18920 16537 95 161
18928 16600 95 163
18936 16522 95 158
18944 16579 95 158
18952 16633 95 162
18960 16609 95 159
18968 16595 95 165
18976 16611 95 160
18984 16630 95 154
18992 16617 95 162
19000 16660 95 156
19008 16644 95 156
19016 16617 95 160
19024 16676 95 156
19032 16677 95 161
19040 16645 95 161
19048 16701 95 160
19056 16665 95 164
19064 16720 95 159
19072 16756 95 157
19080 16702 95 163
19088 16672 95 167
19096 16673 95 165
19104 16737 95 166
19112 16727 95 159
19120 16779 95 165
19128 16718 95 160
19136 16748 95 157
19144 16711 95 161
19152 16806 95 161
19160 16814 95 158
19168 16758 95 168
19176 16800 95 164
19184 16800 95 159
19192 16781 95 163
19200 16784 95 163
19208 16774 95 162
19216 16801 95 160
19224 16832 95 161
19232 16787 95 162
19240 16828 95 159
19248 16905 95 158
19256 16848 95 164
19264 16849 95 159
19272 16893 95 166
19280 16892 95 161
19288 16862 95 163
19296 16869 95 160
19304 16907 95 160
19312 16909 95 163
19320 16906 95 161
19328 16909 95 164
19336 16915 95 163
19344 16913 95 164
19352 16898 95 160
19360 16861 95 164
19368 16926 95 163
19376 16933 95 162
19384 16935 95 163
19392 17008 95 166
19400 16967 95 167
19408 16954 95 164
19416 17021 95 161
19424 16981 95 164
19432 16979 95 162
19440 17034 95 160
19448 17013 95 163
19456 17026 95 165
19464 16977 95 166
19472 17038 95 166
19480 17054 95 165
19488 17029 95 163
19496 17002 95 163
19504 17068 95 164
19512 17038 95 167
19520 17054 95 163
19528 17060 95 165
19536 17130 95 162
19544 17073 95 167
19552 17096 95 163
19560 17077 95 162
19568 17092 95 173
19576 17100 95 164
19584 17109 95 159
19592 17164 95 162
19600 17112 95 166
19608 17148 95 161
19616 17213 95 165
19624 17164 95 163
19632 17141 95 164
19640 17167 95 163
19648 17203 95 162
19656 17201 95 162
19664 17171 95 165
19672 17200 95 162
19680 17224 95 166
19688 17192 95 164
19696 17225 95 165
19704 17206 95 165
19712 17290 95 170
19720 17227 95 164
19728 17247 95 163
19736 17255 95 168
19744 17263 95 172
19752 17263 95 167
19760 17237 95 164
19768 17277 95 166
19776 17226 95 162
19784 17278 95 164
19792 17328 95 163
19800 17324 95 166
19808 17296 95 161
19816 17310 95 167
19824 17320 95 168
19832 17343 95 163
19840 17318 95 165
19848 17328 95 165
19856 17357 95 163
19864 17331 95 164
19872 17353 95 164
19880 17411 95 166
19888 17399 95 167
19896 17376 95 168
19904 17343 95 163
19912 17405 95 168
19920 17371 95 166
19928 17408 95 164
19936 17406 95 166
19944 17366 95 168
19952 17400 95 164
19960 17468 95 164
19968 17460 95 170
19976 17452 95 177
19984 17468 95 166
19992 17496 95 168
20000 17474 95 169
20008 17474 95 167
20016 17480 95 167
20024 17499 95 162
20032 17456 95 165
20040 17493 95 167
20048 17558 95 163
20056 17525 95 165
20064 17489 95 167
20072 17538 95 170
20080 17516 95 165
20088 17560 95 171
20096 17541 95 163
20104 17584 95 163
20112 17557 95 165
20120 17585 95 167
20128 17592 95 165
20136 17595 95 166
20144 17609 95 166
20152 17585 95 168
20160 17611 95 172
20168 17642 95 166
20176 17583 95 173
20184 17608 95 167
20192 17576 95 165
20200 17675 95 163
20208 17625 95 171
20216 17675 95 172
20224 17663 95 167
20232 17686 95 168
20240 17683 95 168
20248 17665 95 171
20256 17689 95 168
20264 17653 95 169
20272 17737 95 169
20280 17710 95 172
20288 17701 95 169
20296 17772 95 167
20304 17685 95 174
20312 17747 95 169
20320 17730 95 169
20328 17799 95 168
20336 17745 95 167
20344 17747 95 166
20352 17803 95 171
20360 17762 95 170
20368 17732 95 172
20376 17810 95 168
20384 17795 95 169
20392 17812 95 167
20400 17750 95 169
20408 17797 95 168
20416 17831 95 169
20424 17793 95 170
20432 17807 95 170
20440 17848 95 167
20448 17817 95 169
20456 17810 95 169
20464 17826 95 170
20472 17890 95 169
20480 17862 95 172
20488 17908 95 166
20496 17841 95 174
20504 17925 95 168
20512 17857 95 170
20520 17875 95 169
20528 17891 95 167
20536 17929 95 168
20544 17877 95 173
20552 17899 95 169
20560 17947 95 172
20568 17946 95 170
20576 17917 95 170
20584 17948 95 172
20592 17962 95 174
20600 17966 95 171
20608 17990 95 170
20616 18004 95 171
20624 17978 95 173
20632 18014 95 170
20640 17967 95 171
20648 18036 95 170
20656 18019 95 169
20664 18027 95 173
20672 18018 95 170
20680 18037 95 170
20688 18035 95 168
20696 18030 95 172
20704 18027 95 172
20712 18034 95 173
20720 18096 95 193
20728 18080 95 172
20736 18091 95 174
20744 18121 95 170
20752 18103 95 172
20760 18116 95 170
20768 18110 95 173
20776 18110 95 170
20784 18114 95 171
20792 18138 95 170
20800 18186 95 169
20808 18164 95 169
20816 18126 95 174
20824 18180 95 170
20832 18183 95 170
20840 18144 95 175
20848 18172 95 175
20856 18229 95 167
20864 18186 95 170
20872 18196 95 171
20880 18222 95 173
20888 18218 95 171
20896 18243 95 174
20904 18237 95 170
20912 18229 95 174
20920 18227 95 172
20928 18279 95 172
20936 18261 95 173
20944 18271 95 180
20952 18256 95 171
20960 18209 95 170
20968 18263 95 173
20976 18262 95 174
20984 18314 95 174
20992 18276 95 169
21000 18276 95 171
21008 18301 95 173
21016 18336 95 169
21024 18296 95 172
21032 18329 95 172
21040 18340 95 174
21048 18366 95 175
21056 18325 95 184
21064 18367 95 176
21072 18335 95 175
21080 18337 95 180
21088 18336 95 172
21096 18369 95 170
21104 18399 95 172
21112 18395 95 177
21120 18414 95 174
21128 18422 95 175
21136 18437 95 177
21144 18433 95 177
21152 18386 95 178
21160 18411 95 177
21168 18446 95 174
21176 18471 95 173
21184 18437 95 174
21192 18488 95 173
21200 18446 95 172
21208 18489 95 173
21216 18479 95 175
21224 18491 95 175
21232 18470 95 176
21240 18509 95 172
21248 18490 95 174
21256 18518 95 176
21264 18506 95 174
21272 18544 95 173
21280 18522 95 178
21288 18531 95 178
21296 18527 95 174
21304 18549 95 176
21312 18572 95 177
21320 18565 95 174
21328 18584 95 175
21336 18576 95 175
21344 18596 95 177
21352 18591 95 176
21360 18586 95 175
21368 18640 95 177
21376 18668 95 172
21384 18639 95 178
21392 18596 95 180
21400 18616 95 180
21408 18590 95 176
21416 18647 95 177
21424 18652 95 175
21432 18672 95 175
21440 18697 95 179
21448 18657 95 177
21456 18636 95 179
21464 18672 95 179
21472 18668 95 176
21480 18761 95 175
21488 18684 95 177
21496 18709 95 176
21504 18715 95 177
21512 18702 95 179
21520 18727 95 177
21528 18726 95 179
21536 18750 95 180
21544 18724 95 179
21552 18761 95 176
21560 18800 95 176
21568 18759 95 181
21576 18803 95 177
21584 18738 95 175
21592 18842 95 173
21600 18763 95 179
21608 18821 95 175
21616 18819 95 179
21624 18801 95 178
21632 18866 95 179
21640 18785 95 177
21648 18859 95 181
21656 18781 95 179
21664 18835 95 179
21672 18837 95 176
21680 18902 95 181
21688 18917 95 178
21696 18918 95 178
21704 18938 95 174
21712 18881 95 177
21720 18896 95 180
21728 18918 95 181
21736 18920 95 179
21744 18948 95 178
21752 18966 95 176
21760 18941 95 182
21768 18967 95 177
21776 18934 95 181
21784 18930 95 182
21792 18916 95 183
21800 18931 95 182
21808 18987 95 182
21816 18999 95 174
21824 19045 95 178
21832 19010 95 180
21840 19000 95 182
21848 19005 95 178
21856 18997 95 181
21864 19006 95 183
21872 18970 95 178
21880 19051 95 182
21888 19037 95 185
21896 19037 95 177
21904 19020 95 181
21912 19043 95 180
21920 19005 95 183
21928 19063 95 177
21936 19070 95 181
21944 19132 95 175
21952 19091 95 175
21960 19120 95 180
21968 19130 95 174
21976 19102 95 182
21984 19139 95 178
21992 19123 95 185
22000 19138 95 177
22008 19141 95 181
22016 19102 95 182
22024 19178 95 179
22032 19172 95 180
22040 19180 95 180
22048 19177 95 177
22056 19171 95 179
22064 19201 95 182
22072 19217 95 182
22080 19219 95 178
22088 19218 95 183
22096 19225 95 183
22104 19235 95 179
22112 19207 95 181
22120 19245 95 183
22128 19234 95 184
22136 19219 95 181
22144 19283 95 179
22152 19261 95 183
22160 19295 95 180
22168 19239 95 182
22176 19309 95 178
22184 19269 95 183
22192 19254 95 182
22200 19315 95 180
22208 19295 95 181
22216 19290 95 177
22224 19331 95 182
22232 19317 95 185
22240 19362 95 179
22248 19340 95 183
22256 19354 95 183
22264 19364 95 184
22272 19337 95 183
22280 19372 95 183
22288 19412 95 179
22296 19387 95 180
22304 19357 95 183
22312 19386 95 185
22320 19380 95 179
22328 19381 95 181
22336 19442 95 179
22344 19381 95 184
22352 19361 95 187
22360 19415 95 181
22368 19436 95 185
22376 19437 95 181
22384 19447 95 188
22392 19491 95 184
22400 19454 95 185
22408 19459 95 185
22416 19444 95 180
22424 19494 95 177
22432 19530 95 180
22440 19485 95 184
22448 19468 95 182
22456 19520 95 182
22464 19541 95 187
22472 19536 95 187
22480 19532 95 184
22488 19577 95 181
22496 19525 95 183
22504 19555 95 186
22512 19555 95 186
22520 19568 95 185
22528 19565 95 182
22536 19571 95 183
22544 19584 95 185
22552 19608 95 191
22560 19606 95 184
22568 19577 95 185
22576 19602 95 187
22584 19633 95 182
22592 19654 95 188
22600 19649 95 185
22608 19646 95 183
22616 19653 95 187
22624 19649 95 182
22632 19642 95 181
22640 19682 95 185
22648 19691 95 182
22656 19688 95 182
22664 19708 95 185
22672 19691 95 185
22680 19655 95 187
22688 19721 95 182
22696 19721 95 184
22704 19732 95 184
22712 19718 95 185
22720 19748 95 187
22728 19730 95 185
22736 19741 95 186
22744 19789 95 185
22752 19738 95 187
22760 19811 95 183
22768 19780 95 186
22776 19789 95 185
22784 19758 95 184
22792 19750 95 186
22800 19826 95 181
22808 19812 95 187
22816 19848 95 187
22824 19811 95 184
22832 19795 95 186
22840 19813 95 184
22848 19822 95 190
22856 19884 95 185
22864 19826 95 184
22872 19870 95 181
22880 19811 95 185
22888 19887 95 187
22896 19863 95 192
22904 19865 95 184
22912 19889 95 187
22920 19946 95 186
22928 19924 95 184
22936 19912 95 184
22944 19964 95 188
22952 19897 95 185
22960 19929 95 184
22968 19928 95 190
22976 19935 95 188
22984 19976 95 184
22992 19964 95 185
23000 19911 95 190
23008 19953 95 189
23016 19984 95 187
23024 19986 95 186
23032 20003 95 186
23040 20009 95 187
23048 19992 95 188
23056 20006 95 182
23064 20003 95 186
23072 20036 95 190
23080 20089 95 184
23088 20023 95 189
23096 20034 95 184
23104 20118 95 188
23112 20063 95 187
23120 20111 95 184
23128 20085 95 186
23136 20077 95 186
23144 20044 95 187
23152 20096 95 188
23160 20113 95 186
23168 20123 95 186
23176 20100 95 185
23184 20108 95 187
23192 20132 95 190
23200 20123 95 190
23208 20158 95 191
23216 20192 95 188
23224 20133 95 189
23232 20198 95 189
23240 20151 95 186
23248 20170 95 190
23256 20183 95 189
23264 20228 95 189
23272 20195 95 191
23280 20210 95 184
23288 20220 95 191
23296 20233 95 191
23304 20239 95 189
23312 20233 95 188
23320 20255 95 190
23328 20195 95 193
23336 20217 95 193
23344 20279 95 189
23352 20239 95 188
23360 20314 95 188
23368 20308 95 186
23376 20337 95 189
23384 20264 95 195
23392 20327 95 189
23400 20268 95 191
23408 20302 95 192
23416 20311 95 189
23424 20286 95 191
23432 20347 95 190
23440 20351 95 191
23448 20346 95 190
23456 20335 95 189
23464 20348 95 189
23472 20365 95 190
23480 20392 95 190
23488 20380 95 200
23496 20375 95 190
23504 20364 95 193
23512 20420 95 186
23520 20350 95 191
23528 20434 95 195
23536 20431 95 191
23544 20431 95 190
23552 20437 95 191
23560 20467 95 190
23568 20470 95 189
23576 20425 95 200
23584 20475 95 193
23592 20452 95 189
23600 20466 95 193
23608 20436 95 192
23616 20488 95 192
23624 20489 95 192
23632 20495 95 193
23640 20443 95 197
23648 20471 95 193
23656 20523 95 193
23664 20493 95 188
23672 20607 95 188
23680 20561 95 192
23688 20588 95 191
23696 20547 95 195
23704 20517 95 188
23712 20570 95 191
23720 20565 95 197
23728 20533 95 193
23736 20586 95 197
23744 20604 95 191
23752 20638 95 190
23760 20564 95 189
23768 20563 95 190
23776 20574 95 196
23784 20644 95 190
23792 20602 95 188
23800 20650 95 193
23808 20615 95 190
23816 20618 95 193
23824 20631 95 197
23832 20674 95 193
23840 20652 95 194
23848 20674 95 192
23856 20694 95 190
23864 20708 95 191
23872 20716 95 190
23880 20696 95 189
23888 20702 95 201
23896 20728 95 192
23904 20771 95 192
23912 20744 95 193
23920 20708 95 192
23928 20747 95 194
23936 20764 95 191
23944 20791 95 194
23952 20727 95 191
23960 20755 95 195
23968 20766 95 193
23976 20776 95 195
23984 20868 95 192
23992 20771 95 193
