2 8 2 0
5 16 3 0
8 24 4 0
12 40 5 0
16 48 6 0
20 64 7 0
22 56 7 0
29 72 9 0
32 72 9 0
39 88 11 0
44 88 12 0
49 120 13 0
50 120 12 0
57 120 14 0
64 120 16 0
70 136 17 0
76 144 18 0
78 152 17 0
86 168 19 0
86 192 17 0
98 176 21 0
104 192 22 0
108 184 22 0
110 232 21 0
111 240 20 0
124 216 24 0
130 248 25 0
132 248 24 0
140 264 26 0
150 248 29 0
154 256 29 0
154 264 27 0
154 264 25 0
173 272 31 0
176 304 30 0
189 296 34 0
179 312 28 0
193 328 31 0
201 360 33 0
202 400 31 0
214 424 34 0
223 392 36 0
228 400 36 0
222 440 32 0
235 464 35 0
248 488 39 0
252 448 39 0
247 416 34 0
259 512 38 0
263 448 37 0
282 480 43 0
285 448 43 0
296 504 45 0
286 480 38 0
299 488 42 0
309 528 45 0
301 496 40 0
311 512 42 0
329 544 47 0
324 528 42 0
336 544 46 0
349 504 49 0
339 576 44 0
366 536 53 0
349 568 43 0
369 592 49 0
374 536 49 0
386 568 51 0
376 608 45 0
388 608 49 0
400 608 50 0
393 592 46 0
416 624 53 0
420 688 52 0
428 688 52 0
443 680 56 0
436 656 53 0
445 680 53 0
448 728 52 0
458 696 54 0
473 704 58 0
472 760 55 0
480 784 57 0
479 752 51 0
496 792 57 0
502 808 57 0
513 824 60 0
507 832 55 0
532 864 64 0
539 856 63 0
532 848 58 0
539 864 59 0
547 896 62 0
553 888 61 0
565 912 62 0
575 912 64 0
566 920 60 0
578 920 61 0
596 960 66 0
591 960 63 0
601 920 63 0
613 944 67 0
615 976 65 0
610 1016 62 0
614 840 62 0
643 904 69 0
647 984 68 0
642 968 66 0
648 1040 67 0
643 1040 61 0
663 1072 67 0
659 1072 64 0
673 1040 66 0
671 1048 67 0
683 1088 66 0
691 1104 66 0
685 1104 63 0
704 1216 70 0
708 1032 66 0
707 1112 64 0
724 1120 70 0
711 1096 63 0
720 1128 62 0
749 1112 71 0
754 1184 70 0
763 1128 71 0
780 1192 75 0
765 1152 69 0
769 1208 68 0
771 1200 68 0
797 1256 74 0
794 1176 71 0
813 1216 77 0
811 1224 70 0
815 1256 71 0
833 1192 75 0
830 1200 73 0
838 1216 73 0
849 1208 76 0
865 1168 77 0
862 1224 76 0
866 1240 75 0
883 1208 77 0
888 1240 78 0
893 1200 79 0
879 1296 71 0
906 1224 77 0
912 1264 78 0
925 1272 79 0
928 1272 80 0
936 1344 79 0
943 1312 80 0
938 1312 74 0
965 1304 82 0
956 1360 77 0
982 1360 83 0
953 1384 73 0
959 1440 73 0
977 1376 76 0
993 1392 79 0
987 1392 75 0
1003 1448 78 0
1009 1448 80 0
1009 1456 77 0
1023 1440 80 0
1029 1456 78 0
1033 1664 78 0
1024 1608 75 0
1036 1656 77 0
1055 1680 80 0
1058 1688 78 0
1056 1688 78 0
1077 1720 82 0
1090 1576 81 0
1086 1720 81 0
1082 1640 76 0
1109 1576 82 0
1110 1728 81 0
1116 1512 79 0
1133 1776 83 0
1129 1800 82 0
1128 1800 79 0
1150 1832 86 0
1159 1848 86 0
1148 1832 80 0
1168 1864 83 0
1174 1864 83 0
1163 1848 76 0
1193 1728 83 0
1189 1896 84 0
1193 1920 85 0
1186 1896 82 0
1201 1920 83 0
1207 1928 82 0
1223 1936 81 0
1231 1968 84 0
1244 1976 86 0
1241 1920 82 0
1261 2016 86 0
1257 1864 83 0
1247 1952 81 0
1289 2056 91 0
1281 1936 86 0
1283 1808 83 0
1283 2016 83 0
1291 1872 84 0
1297 2024 85 0
1300 1904 86 0
1322 1864 88 0
1304 1856 81 0
1322 1920 83 0
1353 1984 90 0
1330 1832 85 0
1338 1928 85 0
1342 2144 84 0
1353 2032 83 0
1365 2152 85 0
1387 2000 89 0
1369 1888 85 0
1369 1872 80 0
1393 2128 87 0
1394 2128 85 0
1405 2120 86 0
1406 2136 84 0
1425 2016 89 0
1419 2120 85 0
1431 2040 87 0
1422 2056 84 0
1450 2080 89 0
1464 1968 89 0
1464 2080 88 0
1456 2072 89 0
1467 2016 85 0
1479 2000 89 0
1458 2072 82 0
1477 2024 85 0
1514 2024 90 0
1499 2072 87 0
1509 2024 85 0
1509 2120 86 0
1514 2080 85 0
1533 2080 88 0
1516 2120 82 0
1544 2168 90 0
1553 2112 90 0
1561 2152 90 0
1578 2168 92 0
1553 2144 85 0
1571 2208 89 0
1584 2256 88 0
1598 2184 90 0
1593 2200 89 0
1608 2264 90 0
1601 2200 87 0
1613 2280 90 0
1609 2440 87 0
1595 2336 82 0
1635 2248 87 0
1651 2384 89 0
1649 2328 88 0
1644 2368 89 0
1636 2416 87 0
1658 2272 84 0
1679 2400 92 0
1673 2280 85 0
1685 2384 90 0
1700 2568 92 0
1710 2400 90 0
1715 2304 89 0
1712 2448 90 0
1724 2392 89 0
1734 2496 89 0
1733 2608 90 0
1751 2552 91 0
1754 2552 93 0
1736 2488 84 0
1744 2712 90 0
1778 2576 93 0
1768 2488 90 0
1767 2776 89 0
1778 2448 88 0
1801 2616 91 0
1800 2520 89 0
1795 2672 90 0
1825 2576 92 0
1828 2520 91 0
1832 2472 90 0
1834 2536 92 0
1828 2544 90 0
1855 2560 91 0
1862 2568 90 0
1849 2752 89 0
1856 2520 87 0
1874 2776 92 0
1867 2640 89 0
1889 2560 91 0
1871 2696 87 0
1902 2640 90 0
1905 2656 93 0
1908 2568 89 0
1920 2792 92 0
1925 2608 91 0
1941 2584 90 0
1933 2696 89 0
1949 2936 93 0
1957 2672 94 0
1952 2720 92 0
1973 2752 92 0
1982 2648 93 0
1970 2840 90 0
1974 2712 90 0
1975 2632 88 0
2019 2696 94 0
2010 2696 92 0
1999 2688 89 0
2019 2696 92 0
2017 2744 92 0
2030 2712 90 0
2039 2784 93 0
2051 2736 92 0
2062 2760 92 0
2075 2760 94 0
2056 2904 93 0
2066 2768 90 0
2076 2776 92 0
2085 2840 92 0
2096 2848 93 0
2093 2904 91 0
2100 2824 91 0
2122 2848 91 0
2122 2912 93 0
2113 2856 88 0
2129 2944 92 0
2148 3048 93 0
2157 2880 93 0
2148 2976 90 0
2174 2960 95 0
2167 2960 92 0
2184 2928 94 0
2190 3112 93 0
2186 2952 93 0
2186 2984 92 0
2209 2944 92 0
2192 3064 91 0
2220 2952 93 0
2226 3000 94 0
2203 3120 92 0
2239 2992 91 0
2237 3008 92 0
2237 3048 91 0
2255 3032 94 0
2273 3040 94 0
2284 3096 95 0
2272 3152 92 0
2285 3096 93 0
2299 3120 94 0
2302 3136 93 0
2304 3144 92 0
2313 3224 93 0
2312 3200 93 0
2327 3128 94 0
2333 3192 93 0
2325 3184 92 0
2348 3176 95 0
2350 3184 94 0
2349 3216 92 0
2349 3368 94 0
2377 3208 93 0
2374 3192 93 0
2375 3224 94 0
2379 3288 93 0
2394 3240 94 0
2409 3232 94 0
2394 3280 91 0
2425 3280 94 0
2431 3360 94 0
2437 3352 94 0
2422 3496 92 0
2433 3288 91 0
2439 3392 93 0
2472 3344 95 0
2453 3488 93 0
2474 3344 94 0
2466 3416 93 0
2481 3768 94 0
2465 3728 94 0
2498 3360 94 0
2491 3464 93 0
2509 3352 93 0
2504 3480 94 0
2514 3672 94 0
2534 3568 95 0
2537 3416 95 0
2522 3480 94 0
2561 3544 94 0
2542 3448 93 0
2553 3464 92 0
2568 3472 94 0
2557 3568 93 0
2576 3472 94 0
2581 3456 93 0
2569 3496 93 0
2598 3472 94 0
2619 3488 94 0
2582 3696 94 0
2626 3496 94 0
2635 3512 95 0
2628 3536 93 0
2640 3544 95 0
2648 3544 94 0
2650 3544 94 0
2650 3560 94 0
2675 3576 95 0
2695 3600 95 0
2681 3592 94 0
2688 3600 95 0
2686 3616 93 0
2714 3632 95 0
2680 3584 91 0
2695 3640 93 0
2720 3632 94 0
2716 3648 93 0
2715 3696 93 0
2720 3672 95 0
2745 3656 94 0
2735 3720 94 0
2748 3680 94 0
2767 3848 95 0
2771 3704 94 0
2759 3712 92 0
2789 3720 94 0
2786 3752 95 0
2779 3720 91 0
2796 3648 93 0
2829 3800 95 0
2807 3776 93 0
2799 3888 93 0
2829 3776 94 0
2841 3864 95 0
2859 3824 94 0
2853 3808 95 0
2864 3832 94 0
2862 3832 92 0
2859 3824 92 0
2873 3888 95 0
2891 3880 95 0
2893 3888 95 0
2885 3896 94 0
2915 3896 94 0
2891 3872 94 0
2916 3976 94 0
2911 4136 95 0
2928 3992 94 0
2918 3968 93 0
2943 3960 95 0
2955 3960 95 0
2940 3936 92 0
2952 4240 95 0
2954 4024 93 0
2980 4032 95 0
2962 4136 92 0
2988 4000 95 0
2998 4112 94 0
3012 4048 95 0
3019 4072 95 0
3012 4128 95 0
3023 4024 95 0
3023 4048 94 0
3033 4128 94 0
3034 4144 94 0
3045 4072 94 0
3048 4096 95 0
3074 4096 95 0
3073 4128 94 0
3068 4152 94 0
3081 4136 94 0
3089 4112 93 0
3088 4152 95 0
3085 4176 94 0
3114 4144 95 0
3104 4152 95 0
3127 4200 95 0
3110 4152 94 0
3131 4168 94 0
3159 4224 95 0
3151 4240 95 0
3136 4200 94 0
3162 4232 94 0
3165 4240 95 0
3167 4288 95 0
3182 4240 95 0
3154 4248 93 0
3186 4240 94 0
3196 4280 94 0
3203 4288 95 0
3217 4288 95 0
3222 4288 95 0
3219 4288 95 0
3246 4320 95 0
3224 4496 95 0
3247 4344 94 0
3240 4312 95 0
3246 4336 94 0
3268 4352 95 0
3251 4352 93 0
3281 4392 95 0
3284 4376 95 0
3307 4400 95 0
3307 4440 95 0
3311 4440 95 0
3312 4464 95 0
3342 4448 95 0
3322 4448 95 0
3319 4456 94 0
3358 4472 94 0
3329 4464 95 0
3358 4472 95 0
3365 4480 94 0
3359 4488 93 0
3359 4528 95 0
3366 4520 95 0
3378 4544 95 0
3394 4544 95 0
3410 4576 95 0
3402 4568 95 0
3422 4584 95 0
3398 4608 95 0
3430 4704 95 0
3432 4568 94 0
3423 4584 93 0
3428 4568 94 0
3464 4640 95 0
3450 4592 94 0
3445 4632 95 0
3456 4816 93 0
3460 4648 95 0
3474 4696 94 0
3492 4712 95 0
3501 4680 95 0
3492 4736 94 0
3517 4712 95 0
3519 4688 94 0
3526 4728 95 0
3534 4744 95 0
3523 4704 95 0
3520 4728 95 0
3556 4760 95 0
3559 4744 95 0
3576 4784 95 0
3553 4760 95 0
3571 4784 95 0
3582 4768 95 0
3592 4808 95 0
3590 4848 95 0
3584 4808 95 0
3603 4824 94 0
3615 4872 94 0
3625 4832 95 0
3632 4912 95 0
3647 4880 95 0
3640 4848 94 0
3645 4888 95 0
3631 4848 94 0
3665 4904 95 0
3661 4888 95 0
3668 4888 94 0
3677 4936 95 0
3672 4920 94 0
3695 4952 95 0
3709 4944 95 0
3697 4968 95 0
3713 5024 95 0
3715 4952 95 0
3730 5016 95 0
3731 4992 95 0
3737 4976 95 0
3727 5024 94 0
3727 5008 95 0
3735 4976 92 0
3768 5016 95 0
3771 5072 95 0
3784 5040 95 0
3763 5032 94 0
3782 5040 94 0
3804 5088 95 0
3819 5104 95 0
3814 5080 95 0
3816 5104 95 0
3819 5088 95 0
3823 5032 95 0
3831 5104 95 0
3841 5136 95 0
3868 5176 95 0
3851 5152 95 0
3842 5120 94 0
3856 5136 95 0
3876 5160 95 0
3898 5192 95 0
3887 5096 95 0
3907 5208 95 0
3913 5216 95 0
3897 5192 94 0
3917 5224 95 0
3906 5200 95 0
3943 5256 95 0
3934 5264 94 0
3953 5264 95 0
3934 5256 95 0
3959 5304 95 0
3971 5312 95 0
3955 5272 94 0
3964 5280 95 0
3979 5304 95 0
3966 5440 95 0
4002 5328 94 0
3991 5320 95 0
4015 5352 95 0
4024 5360 94 0
4019 5352 95 0
4018 5352 95 0
4029 5368 94 0
4056 5400 95 0
4063 5296 95 0
4037 5376 94 0
4038 5400 95 0
4069 5448 95 0
4089 5440 95 0
4057 5464 94 0
4095 5480 95 0
4088 5448 95 0
4118 5488 95 0
4108 5472 94 0
4108 5472 95 0
4117 5536 95 0
4123 5520 95 0
4142 5520 95 0
4142 5552 95 0
4171 5584 95 0
4134 5576 95 0
4147 5568 95 0
4162 5576 94 0
4173 5592 95 0
4188 5576 95 0
4184 5576 95 0
4193 5616 95 0
4210 5640 95 0
4192 5672 95 0
4209 5608 95 0
4205 5872 95 0
4218 5648 95 0
4240 5648 95 0
4254 5712 95 0
4257 5672 95 0
4251 5704 95 0
4274 5696 95 0
4262 5696 95 0
4283 5704 95 0
4279 5704 95 0
4283 5728 95 0
4290 5736 95 0
4306 5736 95 0
4311 5744 95 0
4290 5776 95 0
4324 5760 95 0
4338 5776 95 0
4332 5768 95 0
4334 5792 95 0
4350 5792 95 0
4369 5824 95 0
4358 5840 95 0
4354 5824 95 0
4382 5832 95 0
4390 5848 95 0
4379 5864 95 0
4357 5840 93 0
4393 5864 95 0
4379 5832 95 0
4411 5896 95 0
4422 5888 95 0
4424 5928 95 0
4432 5936 95 0
4452 5928 95 0
4436 5912 94 0
4450 5928 95 0
4448 5928 94 0
4454 5960 95 0
4475 5960 95 0
4483 5976 95 0
4475 5960 94 0
4489 5984 95 0
4509 6008 94 0
4507 6008 95 0
4494 5984 95 0
4521 6024 95 0
4529 6032 95 0
4527 6088 95 0
4543 6056 95 0
4535 6072 95 0
4552 6224 95 0
4566 6080 95 0
4559 6072 95 0
4554 6104 95 0
4581 6136 95 0
4579 6104 95 0
4594 6120 95 0
4596 6120 95 0
4609 6144 95 0
4615 6176 95 0
4617 6152 95 0
4629 6168 95 0
4646 6256 95 0
4649 6216 95 0
4655 6200 95 0
4663 6216 95 0
4642 6424 95 0
4650 6192 95 0
4670 6224 95 0
4682 6240 95 0
4683 6240 95 0
4680 6232 95 0
4691 6272 95 0
4719 6288 95 0
4690 6248 95 0
4714 6304 95 0
4718 6288 95 0
4733 6384 95 0
4737 6312 95 0
4735 6312 95 0
4754 6368 95 0
4762 6344 95 0
4753 6360 95 0
4760 6344 95 0
4773 6360 95 0
4773 6376 94 0
4774 6360 95 0
4814 6416 95 0
4791 6424 95 0
4810 6432 95 0
4821 6424 95 0
4809 6408 95 0
4833 6464 95 0
4813 6520 95 0
4860 6472 95 0
4830 6432 95 0
4861 6480 95 0
4862 6536 95 0
4871 6488 95 0
4877 6496 95 0
4874 6496 95 0
4884 6504 95 0
4900 6528 95 0
4893 6520 94 0
4897 6552 95 0
4915 6552 95 0
4916 6752 95 0
4926 6560 95 0
4917 6568 95 0
4916 6552 94 0
4948 6560 95 0
4946 6592 95 0
4937 6576 95 0
4993 6656 95 0
4961 6648 95 0
4991 6600 95 0
4999 6664 95 0
4975 6632 95 0
4998 6640 95 0
5006 6672 95 0
5003 6664 95 0
5026 6696 95 0
5031 6696 95 0
5033 6672 95 0
5054 6736 95 0
5036 6744 95 0
5043 6720 95 0
5062 6744 95 0
5067 6744 95 0
5057 6736 95 0
5071 6784 95 0
5101 6800 95 0
5086 6776 95 0
5096 6792 95 0
5092 6784 95 0
5109 6808 95 0
5113 6856 95 0
5116 6816 95 0
5126 6832 95 0
5155 6872 95 0
5149 6864 95 0
5158 6856 95 0
5157 6864 95 0
5173 6896 95 0
5185 6912 95 0
5194 6920 95 0
5169 6920 95 0
5186 6936 95 0
5202 6928 95 0
5201 6928 95 0
5203 6936 94 0
5227 6888 95 0
5202 6928 95 0
5225 6936 95 0
5206 7016 95 0
5237 6976 95 0
5257 7008 95 0
5245 6992 95 0
5272 7024 95 0
5284 7040 95 0
5278 7032 95 0
5270 7048 95 0
5306 7072 95 0
5302 7064 95 0
5335 7128 95 0
5303 7064 95 0
5323 7096 95 0
5337 7112 95 0
5348 7128 95 0
5352 7128 95 0
5338 7112 95 0
5327 7128 95 0
5317 7112 95 0
5378 7168 95 0
5368 7152 95 0
5381 7208 95 0
5366 7176 95 0
5385 7176 95 0
5393 7184 95 0
5412 7240 95 0
5414 7216 95 0
5402 7200 95 0
5446 7256 95 0
5406 7200 95 0
5426 7264 95 0
5431 7240 95 0
5433 7240 95 0
5453 7264 95 0
5438 7248 95 0
5480 7304 95 0
5480 7304 95 0
5487 7312 95 0
5486 7312 95 0
5509 7344 95 0
5503 7360 95 0
5514 7344 95 0
5533 7376 95 0
5528 7368 95 0
5541 7384 95 0
5532 7368 95 0
5542 7384 95 0
5573 7424 95 0
5562 7408 95 0
5570 7424 95 0
5567 7416 95 0
5604 7464 95 0
5584 7440 95 0
5585 7472 95 0
5601 7464 95 0
5617 7488 95 0
5608 7472 95 0
5600 7464 95 0
5596 7456 95 0
5631 7464 95 0
5626 7496 95 0
5640 7544 95 0
5648 7528 95 0
5668 7552 95 0
5653 7536 95 0
5675 7560 95 0
5671 7560 95 0
5679 7568 95 0
5705 7600 95 0
5686 7600 95 0
5704 7600 95 0
5703 7600 95 0
5699 7584 95 0
5722 7624 95 0
5730 7672 95 0
5743 7656 95 0
5728 7632 95 0
5727 7632 95 0
5738 7648 95 0
5755 7616 95 0
5753 7664 95 0
5766 7680 95 0
5785 7752 95 0
5788 7712 95 0
5791 7720 95 0
5803 7736 95 0
5809 7744 95 0
5805 7736 95 0
5828 7768 95 0
5827 7768 95 0
5823 7728 95 0
5838 7776 95 0
5862 7808 95 0
5835 7752 95 0
5853 7824 95 0
5859 7808 95 0
5860 7808 95 0
5857 7808 95 0
5889 7848 95 0
5887 7848 95 0
5914 7880 95 0
5902 7864 95 0
5905 7872 95 0
5928 7896 95 0
5924 7896 95 0
5935 7912 95 0
5944 7920 95 0
5945 7960 95 0
5946 7920 95 0
5954 7936 95 0
5956 7936 95 0
5947 7928 95 0
5978 7968 95 0
6001 8000 95 0
6000 7992 95 0
6008 8008 95 0
6013 8016 95 0
5992 8016 95 0
6020 8000 95 0
6040 8048 95 0
6020 8024 95 0
6030 8032 95 0
6016 8048 95 0
6051 8064 95 0
6048 8056 95 0
6062 8080 95 0
6072 8088 95 0
6070 8088 95 0
6079 8144 95 0
6096 8160 95 0
6113 8144 95 0
6107 8136 95 0
6104 8136 95 0
6120 8152 95 0
6124 8160 95 0
6118 8152 95 0
6127 8168 95 0
6148 8192 95 0
6150 8192 95 0
6115 8152 95 0
6176 8232 95 0
6166 8216 95 0
6166 8216 95 0
6183 8240 95 0
6203 8264 95 0
6194 8256 95 0
6193 8256 95 0
6213 8280 95 0
6221 8288 95 0
6204 8296 95 0
6227 8296 95 0
6231 8304 95 0
6252 8328 95 0
6248 8328 95 0
6259 8344 95 0
6247 8328 95 0
6288 8376 95 0
6282 8368 95 0
6291 8360 95 0
6300 8392 95 0
6290 8360 95 0
6298 8392 95 0
6313 8416 95 0
6327 8432 95 0
6325 8432 95 0
6326 8416 95 0
6339 8448 95 0
6333 8472 95 0
6331 8472 95 0
6340 8448 95 0
6358 8472 95 0
6350 8464 95 0
6382 8504 95 0
6375 8496 95 0
6386 8512 95 0
6403 8536 95 0
6400 8528 95 0
6397 8528 95 0
6412 8544 95 0
6441 8584 95 0
6418 8552 95 0
6426 8560 95 0
6452 8600 95 0
6455 8600 95 0
6437 8576 95 0
6466 8616 95 0
6442 8624 95 0
6490 8648 95 0
6489 8648 95 0
6490 8624 95 0
6489 8648 95 0
6488 8648 95 0
6481 8680 95 0
6514 8680 95 0
6528 8696 95 0
6521 8688 95 0
6548 8728 95 0
6546 8720 95 0
6532 8704 95 0
6561 8744 95 0
6568 8752 95 0
6569 8752 95 0
6567 8752 95 0
6547 8728 95 0
6569 8752 95 0
6586 8776 95 0
6589 8784 95 0
6620 8824 95 0
6611 8808 95 0
6632 8840 95 0
6613 8816 95 0
6614 8816 95 0
6645 8856 95 0
6648 8856 95 0
6641 8848 95 0
6652 8864 95 0
6646 8856 95 0
6686 8912 95 0
6679 8904 95 0
6674 8896 95 0
6691 8920 95 0
6700 8928 95 0
6704 8936 95 0
6725 8960 95 0
6739 8984 95 0
6723 8960 95 0
6692 8920 95 0
6741 8984 95 0
6755 9000 95 0
6757 9008 95 0
6761 9008 95 0
6762 9008 95 0
6786 9040 95 0
6756 9040 95 0
6787 9024 95 0
6791 9032 95 0
6786 9040 95 0
6781 9072 95 0
6805 9072 95 0
6800 9064 95 0
6814 9120 95 0
6823 9096 95 0
6842 9120 95 0
6852 9080 95 0
6855 9136 95 0
6854 9136 95 0
6876 9160 95 0
6870 9144 95 0
6870 9152 95 0
6887 9176 95 0
6896 9192 95 0
6883 9176 95 0
6888 9176 95 0
6915 9216 95 0
6909 9208 95 1
6895 9192 95 0
6918 9216 95 0
6949 9264 95 0
6928 9232 95 0
6934 9320 95 0
6952 9264 95 0
6956 9272 95 0
6973 9296 95 0
6976 9296 95 0
6997 9272 95 0
6997 9328 95 0
6987 9312 95 0
6990 9312 95 0
7004 9336 95 0
7011 9344 95 0
7014 9344 95 0
7017 9352 95 0
7035 9376 95 0
7034 9376 95 0
7067 9416 95 0
7058 9408 95 0
7065 9392 95 0
7053 9400 95 0
7080 9432 95 0
7092 9448 95 0
7087 9448 95 0
7083 9440 95 0
7099 9344 95 0
7107 9472 95 0
7106 9472 95 0
7124 9496 95 0
7137 9512 95 0
7128 9496 95 0
7150 9528 95 0
7152 9568 95 0
7146 9520 95 0
7149 9528 95 0
7174 9560 95 0
7174 9552 95 0
7192 9584 95 0
7191 9584 95 0
7196 9592 95 0
7203 9544 95 0
7212 9608 95 0
7212 9608 95 0
7216 9616 95 0
7230 9632 95 0
7217 9616 95 0
7240 9648 95 0
7256 9672 95 0
7262 9680 95 0
7246 9656 95 0
7233 9640 95 0
7273 9696 95 0
7263 9680 95 0
7300 9728 95 0
7299 9728 95 0
7333 9776 95 0
7306 9648 95 0
7302 9680 95 0
7284 9704 95 0
7319 9752 95 0
7316 9752 95 0
7318 9752 95 0
7345 9776 95 0
7348 9792 95 0
7357 9808 95 0
7376 9832 95 0
7372 9808 95 0
7386 9840 95 0
7391 9848 95 0
7383 9840 95 0
7402 9864 95 0
7396 9888 95 0
7422 9880 95 0
7401 9864 95 0
7426 9896 95 0
7429 9904 95 0
7431 9904 95 0
7439 9896 95 0
7461 9944 95 0
7472 9960 95 0
7446 9920 95 0
7471 9960 95 0
7464 9944 95 0
7495 9992 95 0
7486 9976 95 0
7498 9992 95 0
7496 9992 95 0
7505 10000 95 0
7520 10024 95 0
7526 10032 95 0
7532 10040 95 0
7529 10032 95 0
7526 10032 95 0
7523 10024 95 0
7561 10080 95 0
7570 10088 95 0
7585 10112 95 0
7572 10088 95 0
7584 10104 95 0
7580 10104 95 0
7592 10120 95 0
7610 10144 95 0
7605 10136 95 0
7611 10192 95 0
7611 10144 95 0
7613 10144 95 0
7630 10168 95 0
7622 10160 95 0
7668 10208 95 0
7642 10184 95 0
7657 10208 95 0
7672 10216 95 0
7652 10200 95 0
7681 10240 95 0
7664 10216 95 0
7702 10264 95 0
7704 10264 95 0
7705 10272 95 0
7705 10272 95 0
7711 10280 95 0
7717 10288 95 0
7749 10328 95 0
7746 10320 95 0
7754 10336 95 0
7747 10328 95 0
7767 10352 95 0
7761 10344 95 0
7798 10392 95 0
7789 10384 95 0
7762 10344 95 0
7797 10392 95 0
7797 10392 95 0
7812 10408 95 0
7795 10392 95 0
7813 10416 95 0
7815 10416 95 0
7824 10424 95 0
7839 10448 95 0
7833 10392 95 0
7867 10488 95 0
7861 10480 95 0
7863 10480 95 0
7884 10504 95 0
7885 10512 95 0
7883 10504 95 0
7896 10520 95 0
7901 10528 95 0
7894 10520 95 0
7907 10536 95 0
7911 10544 95 0
7934 10576 95 0
7947 10592 95 0
7947 10560 95 0
7935 10552 95 0
7951 10600 95 0
7930 10568 95 0
7948 10560 95 0
7965 10616 95 0
7960 10608 95 0
7984 10640 95 0
7984 10640 95 0
8000 10664 95 0
8010 10672 95 0
7998 10656 95 0
8029 10704 95 0
8021 10688 95 0
8008 10672 95 0
8050 10728 95 0
8050 10728 95 0
8057 10736 95 0
8047 10728 95 0
8056 10736 95 0
8090 10784 95 0
8084 10776 95 0
8110 10808 95 0
8086 10776 95 0
8100 10792 95 0
8101 10800 95 0
8119 10824 95 0
8111 10808 95 0
8130 10832 95 0
8123 10704 95 0
8137 10880 95 0
8153 10864 95 0
8132 10840 95 0
8153 10864 95 0
8136 10840 95 0
8178 10896 95 0
8181 10904 95 0
8175 10896 95 0
8183 10904 95 0
8188 10912 95 0
8207 10936 95 0
8196 10920 95 0
8210 10944 95 0
8217 11008 95 0
8228 10968 95 0
8239 10984 95 0
8213 10944 95 0
8274 11024 95 0
8244 10984 95 0
8253 11000 95 0
8257 11008 95 0
8287 11048 95 0
8292 11048 95 0
8262 11008 95 0
8292 11000 95 0
8303 11064 95 0
8297 11056 95 0
8311 11080 95 0
8333 11104 95 0
8331 11104 95 0
8324 11096 95 0
8333 11104 95 0
8349 11128 95 0
8345 11160 95 0
8374 11160 95 0
8378 11168 95 0
8364 11144 95 0
8365 11152 95 0
8385 11176 95 0
8376 11160 95 0
8400 11184 95 0
8414 11216 95 0
8407 11208 95 0
8432 11240 95 0
8431 11240 95 0
8432 11240 95 0
8423 11224 95 0
8444 11256 95 0
8436 11280 95 0
8464 11280 95 0
8464 11280 95 0
8453 11264 95 0
8482 11304 95 0
8485 11312 95 0
8483 11304 95 0
8505 11296 95 0
8508 11336 95 0
8522 11360 95 0
8514 11344 95 0
8509 11344 95 0
8535 11376 95 0
8528 11368 95 0
8560 11408 95 0
8547 11392 95 0
8556 11400 95 0
8557 11376 95 0
8564 11416 95 0
8586 11440 95 0
8603 11464 95 0
8585 11440 95 0
8603 11464 95 0
8617 11488 95 0
8632 11504 95 0
8626 11496 95 0
8615 11480 95 0
8626 11496 95 0
8659 11544 95 0
8659 11544 95 0
8649 11528 95 0
8655 11536 95 0
8672 11560 95 0
8679 11568 95 0
8683 11576 95 0
8686 11576 95 0
8711 11608 95 0
8723 11624 95 0
8686 11576 95 0
8719 11624 95 0
8726 11632 95 0
8741 11648 95 0
8739 11648 95 0
8732 11640 95 0
8730 11632 95 0
8749 11664 95 0
8783 11664 95 0
8758 11672 95 0
8767 11688 95 0
8787 11712 95 0
8793 11720 95 0
8777 11696 95 0
8788 11712 95 0
8787 11712 95 0
8795 11720 95 0
8822 11760 95 0
8831 11768 95 0
8829 11768 95 0
8854 11800 95 0
8853 11800 95 0
8853 11800 95 0
8848 11792 95 0
8866 11816 95 0
8874 11824 95 0
8862 11808 95 0
8863 11816 95 0
8892 11848 95 0
8916 11792 95 0
8899 11864 95 0
8929 11904 95 0
8920 11888 95 0
8934 11888 95 0
8917 11888 95 0
8952 11928 95 0
8927 11896 95 0
8951 11880 95 0
8955 11936 95 0
8964 11944 95 0
8972 11960 95 0
8968 11952 95 0
8986 11976 95 0
9005 12000 95 0
8964 11944 95 0
8998 11992 95 0
8999 11992 95 0
9032 12040 95 0
9013 12064 95 0
9032 12040 95 0
9027 12032 95 0
9048 12056 95 0
9057 12072 95 0
9031 12040 95 0
9080 12104 95 0
9068 12088 95 0
9075 12072 95 0
9083 12104 95 0
9087 12112 95 0
9107 12136 95 0
9093 12120 95 0
9122 12160 95 0
9127 12168 95 0
9117 12152 95 0
9127 12168 95 0
9132 12168 95 0
9140 12184 95 0
9153 12200 95 0
9165 12192 95 0
9165 12216 95 0
9168 12200 95 0
9162 12208 95 0
9175 12232 95 0
9213 12280 95 0
9193 12256 95 0
9204 12264 95 0
9200 12304 95 0
9216 12280 95 1
9225 12296 95 0
9230 12304 95 0
9245 12320 95 0
9226 12296 95 0
9245 12320 95 0
9281 12368 95 0
9260 12344 95 0
9235 12312 95 0
9287 12376 95 0
9275 12360 95 0
9258 12336 95 0
9288 12376 95 0
9303 12400 95 0
9321 12424 95 0
9312 12408 95 0
9326 12432 95 0
9321 12424 95 0
9353 12464 95 0
9352 12464 95 0
9347 12456 95 0
9370 12488 95 0
9351 12464 95 0
9365 12480 95 0
9377 12496 95 0
9372 12480 95 0
9383 12504 95 0
9406 12536 95 0
9405 12536 95 0
9391 12472 95 0
9430 12568 95 0
9417 12552 95 0
9434 12576 95 0
9424 12560 95 0
9419 12528 95 1
9432 12568 95 0
9463 12616 95 0
9471 12624 95 0
9464 12616 95 0
9475 12632 95 0
9493 12656 95 0
9481 12640 95 0
9506 12672 95 0
9491 12648 95 0
9493 12656 95 0
9509 12672 95 0
9536 12640 95 0
9525 12696 95 0
9519 12672 95 0
9545 12720 95 0
9548 12728 95 0
9546 12720 95 0
9567 12752 95 0
9564 12744 95 0
9583 12776 95 0
9585 12776 95 0
9588 12776 95 0
9587 12776 95 0
9593 12784 95 0
9600 12792 95 0
9608 12808 95 0
9629 12832 95 0
9643 12856 95 0
9624 12768 95 0
9649 12752 95 0
9604 12800 95 0
9635 12840 95 0
9662 12880 95 0
9682 12904 95 0
9682 12904 95 0
9670 12888 95 0
9710 12944 95 0
9696 12920 95 0
9670 12888 95 0
9719 12952 95 0
9706 12840 95 0
9725 12960 95 0
9713 12944 95 0
9737 12952 95 0
9741 12984 95 0
9763 13016 95 0
9746 12992 95 0
9778 13032 95 0
9768 13016 95 0
9781 13040 95 0
9774 13024 95 0
9779 13032 95 0
9779 13032 95 0
9811 13080 95 0
9821 13088 95 0
9806 13072 95 0
9809 13072 95 0
9803 13064 95 0
9819 13088 95 0
9837 13112 95 0
9841 13120 95 0
9838 13112 95 0
9865 13152 95 0
9856 13136 95 0
9862 13144 95 0
9873 13160 95 0
9889 13184 95 0
9896 13192 95 0
9895 13192 95 0
9918 13216 95 0
9891 13184 95 0
9884 13176 95 0
9925 13232 95 0
9917 13216 95 1
9936 13240 95 0
9925 13232 95 0
9933 13240 95 0
9966 13280 95 0
9948 13256 95 0
9971 13288 95 0
9966 13280 95 0
9993 13320 95 0
10005 13336 95 0
9989 13312 95 0
9984 13304 95 0
10013 13344 95 0
10027 13368 95 0
10033 13376 95 0
10040 13384 95 0
10039 13384 95 0
10036 13376 95 0
10038 13376 95 0
10048 13392 95 0
10052 13400 95 0
10072 13424 95 0
10076 13424 95 0
10076 13432 95 0
10087 13448 95 0
10102 13448 95 0
10104 13464 95 0
10101 13464 95 0
10113 13480 95 0
10153 13536 95 0
10142 13520 95 0
10110 13472 95 0
10132 13504 95 0
10143 13520 95 0
10155 13536 95 0
10157 13536 95 0
10157 13536 95 0
10159 13544 95 0
10198 13592 95 0
10173 13560 95 0
10224 13624 95 0
10204 13600 95 0
10203 13536 95 0
10214 13616 95 0
10250 13664 95 0
10243 13656 95 0
10229 13632 95 0
10212 13600 95 0
10239 13648 95 0
10248 13656 95 0
10269 13688 95 0
10266 13680 95 0
10240 13648 95 0
10270 13688 95 0
10292 13720 95 0
10284 13680 95 0
10313 13744 95 0
10299 13728 95 0
10300 13728 95 0
10311 13744 95 0
10324 13760 95 0
10307 13736 95 0
10345 13792 95 0
10351 13800 95 0
10346 13792 95 0
10348 13792 95 0
10341 13784 95 0
10362 13808 95 0
10360 13808 95 0
10386 13840 95 0
10388 13848 95 0
10402 13864 95 0
10409 13872 95 0
10409 13872 95 0
10419 13888 95 0
10397 13856 95 0
10437 13912 95 0
10439 13912 95 0
10434 13904 95 0
10453 13936 95 1
10422 13888 95 0
10474 13960 95 0
10457 13936 95 0
10463 13944 95 0
10478 13968 95 0
10457 13936 95 0
10507 14008 95 0
10480 13920 95 0
10506 14000 95 0
10519 14024 95 0
10529 14032 95 0
10524 14024 95 0
10560 14072 95 0
10539 14048 95 0
10546 14056 95 0
10559 14072 95 0
10568 14088 95 0
10557 14072 95 0
10597 14128 95 0
10569 14032 95 0
10608 14024 95 0
10601 14128 95 0
10608 14136 95 0
10623 14160 95 0
10623 14160 95 0
10609 14192 95 0
10632 14168 95 0
10634 14176 95 0
10614 14144 95 0
10665 14216 95 0
10636 14176 95 0
10673 14224 95 0
10655 14200 95 0
10663 14216 95 0
10672 14224 95 0
10686 14240 95 0
10720 14288 95 0
10699 14224 95 0
10723 14296 95 0
10722 14288 95 0
10703 14264 95 0
10717 14288 95 0
10727 14296 95 0
10740 14264 95 0
10736 14312 95 0
10740 14392 95 0
10748 14312 95 0
10760 14344 95 0
10752 14328 95 0
10794 14384 95 0
10786 14376 95 0
10786 14376 95 0
10816 14416 95 0
10836 14440 95 0
10783 14376 95 0
10815 14360 95 0
10826 14432 95 0
10834 14440 95 0
10839 14448 95 0
10844 14456 95 0
10876 14496 95 0
10859 14472 95 1
10874 14496 95 1
10867 14488 95 0
10875 14496 95 0
10884 14504 95 0
10875 14496 95 0
10906 14536 95 0
10897 14504 95 0
10906 14536 95 0
10915 14552 95 0
10922 14560 95 0
10928 14568 95 1
10938 14576 95 0
10941 14584 95 0
10973 14624 95 0
10955 14536 95 0
10972 14624 95 1
10984 14640 95 0
10988 14648 95 0
10992 14648 95 0
11008 14672 95 1
10995 14656 95 0
11021 14688 95 0
11005 14672 95 0
11015 14680 95 0
11037 14712 95 0
11031 14704 95 0
11028 14696 95 0
11035 14712 95 0
11047 14728 95 0
11072 14760 95 0
11046 14720 95 0
11090 14784 95 0
11075 14760 95 1
11104 14800 95 0
11089 14784 95 0
11088 14776 95 0
11093 14784 95 0
11114 14816 95 0
11111 14800 95 0
11125 14832 95 0
11123 14824 95 1
11129 14832 95 0
11165 14880 95 1
11144 14856 95 0
11155 14872 95 0
11179 14904 95 0
11156 14872 95 0
11180 14904 95 1
11183 14904 95 0
11191 14920 95 0
11185 14912 95 0
11206 14936 95 0
11228 14968 95 0
11224 14960 95 0
11230 14968 95 0
11225 14960 95 0
11222 14960 95 1
11251 15000 95 0
11257 15008 95 1
11246 14992 95 0
11282 15040 95 0
11248 14992 95 0
11282 15024 95 0
11289 15048 95 0
11309 15072 95 0
11299 15064 95 0
11290 15048 95 0
11305 15072 95 0
11279 15032 95 1
11303 15064 95 0
11331 15104 95 0
11339 15112 95 0
11320 15088 95 0
11352 15128 95 0
11359 15144 95 0
11378 15168 95 0
11377 15168 95 0
11366 15152 95 0
11398 15192 95 0
11405 15200 95 0
11388 15152 95 0
11382 15168 95 0
11387 15176 95 0
11431 15152 95 0
11408 15208 95 0
11437 15248 95 0
11444 15256 95 0
11441 15248 95 0
11439 15160 95 0
11449 15264 95 1
11473 15296 95 0
11479 15304 95 0
11493 15320 95 0
11478 15296 95 0
11463 15280 95 0
11476 15296 95 0
11509 15344 95 1
11515 15352 95 1
11516 15352 95 0
11516 15352 95 1
11532 15368 95 1
11537 15376 95 1
11508 15336 95 1
11550 15376 95 1
11533 15376 95 0
11562 15408 95 1
11572 15424 95 1
11578 15432 95 0
11589 15448 95 1
11578 15432 95 1
11604 15464 95 0
11607 15472 95 0
11625 15496 95 1
11603 15464 95 0
11633 15504 95 0
11629 15504 95 1
11645 15520 95 0
11641 15520 95 0
11622 15488 95 0
11670 15552 95 1
11661 15544 95 1
11674 15560 95 0
11667 15552 95 1
11681 15568 95 0
11687 15576 95 0
11682 15568 95 1
11712 15608 95 1
11704 15600 95 0
11691 15560 95 1
11722 15624 95 1
11751 15664 95 1
11724 15624 95 1
11749 15664 95 1
11746 15656 95 0
11750 15664 95 1
11791 15720 95 0
11761 15680 95 0
11759 15672 95 1
11786 15712 95 1
11785 15712 95 0
11783 15704 95 0
11812 15744 95 1
11814 15744 95 0
11813 15744 95 0
11824 15760 95 0
11825 15760 95 0
11841 15784 95 0
11842 15784 95 0
11844 15784 95 0
11836 15776 95 1
11848 15792 95 1
11880 15832 95 1
11884 15840 95 1
11869 15824 95 1
11889 15848 95 1
11881 15840 95 0
11887 15848 95 0
11899 15864 95 0
11914 15880 95 1
11918 15888 95 1
11925 15896 95 0
11904 15864 95 0
11952 15928 95 1
11949 15928 95 0
11965 15952 95 0
11955 15936 95 0
11963 15944 95 1
11949 15928 95 0
11997 15992 95 0
12000 15992 95 0
12009 16008 95 0
12005 16000 95 0
11967 16008 95 0
12000 15992 95 1
12026 16032 95 1
12026 16032 95 0
12025 15952 95 1
12029 16032 95 0
12047 16056 95 1
12048 16056 95 0
12064 16080 95 0
12050 16064 95 1
12082 16104 95 1
12083 16104 95 1
12113 16048 95 1
12080 16080 95 1
12100 16128 95 0
12078 16096 95 1
12114 16144 95 1
12100 16112 95 1
12141 16184 95 1
12124 16160 95 1
12144 16184 95 1
12153 16200 95 0
12154 16200 95 1
12118 16152 95 1
12161 16208 95 1
12177 16232 95 1
12169 16224 95 1
12168 16216 95 1
12174 16224 95 1
12206 16272 95 1
12194 16256 95 1
12186 16240 95 1
12224 16296 95 0
12226 16296 95 0
12248 16328 95 1
12259 16312 95 1
12259 16344 95 0
12256 16336 95 0
12252 16328 95 0
12232 16304 95 0
12274 16360 95 0
12270 16352 95 0
12280 16368 95 0
12283 16376 95 0
12279 16368 95 0
12318 16416 95 0
12302 16400 95 1
12324 16424 95 0
12318 16416 95 0
12303 16400 95 0
12347 16456 95 0
12345 16456 95 0
12358 16472 95 0
12340 16448 95 0
12361 16480 95 0
12369 16488 95 0
12372 16488 95 0
12369 16488 95 0
12409 16544 95 0
12410 16544 95 1
12404 16536 95 0
12386 16512 95 0
12446 16592 95 0
12439 16584 95 0
12436 16576 95 0
12447 16592 95 0
12438 16576 95 0
12445 16592 95 0
12460 16608 95 0
12489 16648 95 0
12440 16584 95 0
12467 16616 95 0
12452 16600 95 0
12487 16648 95 0
12482 16640 95 0
12500 16664 95 0
12517 16688 95 0
12499 16664 95 0
12530 16704 95 0
12520 16688 95 0
12538 16712 95 0
12532 16704 95 0
12553 16736 95 0
12552 16728 95 0
12558 16736 95 0
12548 16728 95 0
12570 16752 95 0
12572 16760 95 0
12606 16800 95 0
12584 16776 95 0
12574 16760 95 0
12612 16808 95 0
12586 16776 95 0
12638 16848 95 0
12623 16824 95 0
12631 16840 95 0
12623 16824 95 0
12646 16856 95 0
12661 16880 95 0
12670 16888 95 0
12690 16912 95 0
12680 16904 95 0
12666 16880 95 0
12676 16896 95 0
12693 16920 95 0
12686 16912 95 0
12692 16920 95 0
12716 16952 95 0
12743 16984 95 0
12726 16960 95 0
12736 16976 95 0
12738 16976 95 0
12734 16976 95 0
12748 16992 95 0
12770 17024 95 0
12759 17008 95 0
12770 17024 95 0
12786 17040 95 0
12783 17040 95 0
12779 17032 95 0
12796 17056 95 0
12788 17048 95 1
12802 17064 95 0
12837 17112 95 0
12828 17096 95 0
12837 17112 95 0
12824 17096 95 0
12841 17120 95 0
12844 17120 95 0
12863 17144 95 0
12870 17152 95 0
12879 17168 95 0
12878 17168 95 0
12887 17176 95 0
12897 17192 95 0
12877 17168 95 0
12908 17128 95 0
12909 17208 95 0
12951 17264 95 0
12928 17232 95 0
12918 17216 95 0
12948 17256 95 0
12937 17248 95 0
12969 17288 95 0
12967 17288 95 0
12970 17288 95 0
12969 17288 95 0
12975 17296 95 0
12964 17240 95 0
12993 17320 95 1
13010 17344 95 0
12998 17328 95 0
13021 17360 95 0
13025 17360 95 0
13012 17344 95 0
13021 17360 95 0
13042 17288 95 0
13060 17408 95 0
13061 17408 95 0
13046 17392 95 0
13066 17416 95 0
13063 17416 95 0
13063 17416 95 1
13089 17368 95 0
13106 17472 95 0
13112 17480 95 0
13099 17464 95 0
13104 17464 95 0
13135 17512 95 0
13112 17480 95 0
13101 17464 95 0
13131 17504 95 0
13123 17496 95 0
13167 17552 95 0
13155 17536 95 0
13184 17576 95 0
13168 17552 95 1
13162 17544 95 0
13174 17560 95 0
13168 17552 95 1
13184 17576 95 0
13194 17584 95 0
13217 17616 95 0
13226 17632 95 0
13228 17632 95 0
13213 17616 95 0
13251 17664 95 0
13255 17672 95 0
13278 17648 95 0
13250 17664 95 0
13284 17704 95 0
13285 17712 95 0
13263 17680 95 0
13269 17672 95 0
13288 17712 95 0
13298 17728 95 0
13307 17736 95 0
13324 17760 95 0
13360 17808 95 0
13319 17752 95 0
13339 17784 95 0
13324 17760 95 0
13313 17744 95 1
13351 17800 95 0
13346 17792 95 1
13359 17808 95 0
13391 17848 95 0
13373 17824 95 0
13375 17832 95 0
13376 17832 95 0
13389 17832 95 0
13387 17848 95 0
13410 17872 95 0
13390 17848 95 0
13425 17896 95 1
13419 17888 95 1
13459 17944 95 0
13434 17904 95 0
13462 17944 95 0
13444 17920 95 1
13455 17936 95 0
13447 17928 95 1
13484 17976 95 0
13468 17952 95 1
13492 17984 95 0
13493 17984 95 0
13509 18008 95 0
13498 17992 95 0
13530 18032 95 0
13545 18056 95 0
13533 18040 95 1
13522 18024 95 0
13536 18040 95 0
13553 18064 95 0
13558 18072 95 1
13565 18080 95 1
13563 18080 95 0
13578 18096 95 0
13577 18096 95 0
13601 18072 95 1
13599 18128 95 0
13592 18120 95 1
13602 18128 95 0
13579 18104 95 1
13628 18168 95 0
13616 18152 95 0
13629 18168 95 0
13646 18192 95 0
13651 18200 95 0
13650 18192 95 0
13643 18184 95 0
13689 18224 95 0
13681 18240 95 1
13695 18256 95 0
13682 18240 95 0
13697 18256 95 0
13675 18232 95 1
13688 18248 95 0
13704 18264 95 0
13686 18240 95 1
13722 18288 95 1
13732 18304 95 1
13728 18296 95 0
13758 18336 95 0
13733 18304 95 0
13758 18336 95 1
13759 18344 95 0
13784 18376 95 1
13776 18360 95 0
13777 18368 95 0
13816 18344 95 1
13793 18384 95 1
13803 18400 95 0
13819 18424 95 0
13823 18424 95 0
13835 18440 95 1
13813 18416 95 0
13834 18440 95 0
13873 18496 95 1
13849 18464 95 1
13867 18488 95 1
13843 18456 95 1
13875 18496 95 1
13895 18520 95 0
13885 18512 95 0
13911 18544 95 0
13887 18512 95 0
13859 18472 95 0
13928 18568 95 0
13932 18568 95 0
13941 18544 95 1
13915 18552 95 0
13957 18608 95 0
13928 18528 95 1
13965 18528 95 1
13965 18616 95 0
13957 18608 95 1
13977 18584 95 1
13990 18648 95 1
13956 18600 95 1
13974 18624 95 1
14032 18704 95 0
14008 18672 95 0
13999 18664 95 0
14023 18696 95 0
14032 18704 95 1
14042 18720 95 0
14031 18704 95 1
14033 18704 95 0
14051 18728 95 1
14064 18744 95 0
14073 18760 95 0
14086 18776 95 0
14066 18752 95 0
14082 18768 95 1
14064 18744 95 1
14089 18784 95 0
14104 18800 95 1
14108 18808 95 0
14143 18856 95 0
14114 18816 95 1
14145 18856 95 0
14130 18832 95 1
14144 18856 95 0
14147 18856 95 1
14160 18872 95 1
14159 18872 95 0
14144 18856 95 0
14182 18904 95 0
14168 18888 95 0
14200 18928 95 0
14187 18912 95 1
14196 18920 95 0
14215 18952 95 1
14218 18952 95 0
14211 18944 95 1
14224 18960 95 1
14224 18912 95 1
14244 18984 95 1
14262 19008 95 0
14263 19016 95 0
14266 19016 95 1
14264 19016 95 0
14271 19024 95 1
14298 19056 95 0
14281 19040 95 0
14291 19048 95 1
14313 19080 95 1
14293 19032 95 1
14331 19104 95 1
14329 19104 95 0
14360 19144 95 0
14332 19104 95 0
14327 19096 95 1
14341 19120 95 1
14339 19112 95 0
14361 19144 95 0
14351 19096 95 1
14389 19184 95 0
14390 19184 95 1
14371 19160 95 0
14397 19192 95 0
14398 19168 95 1
14407 19208 95 0
14418 19216 95 0
14433 19240 95 1
14436 19240 95 0
14451 19264 95 0
14442 19248 95 0
14439 19248 95 1
14464 19280 95 1
14451 19264 95 1
14462 19280 95 1
14455 19272 95 1
14479 19304 95 1
14493 19320 95 1
14498 19328 95 1
14489 19312 95 0
14515 19352 95 0
14517 19352 95 0
14502 19328 95 1
14528 19368 95 1
14537 19376 95 1
14547 19392 95 0
14562 19408 95 0
14555 19328 95 1
14581 19440 95 0
14569 19424 95 0
14589 19448 95 0
14592 19448 95 1
14583 19440 95 0
14583 19440 95 1
14616 19480 95 1
14595 19424 95 1
14595 19456 95 1
14619 19488 95 1
14616 19480 95 1
14641 19520 95 1
14644 19520 95 0
14662 19544 95 0
14670 19552 95 0
14654 19536 95 0
14675 19560 95 0
14658 19536 95 1
14680 19568 95 1
14677 19568 95 1
14688 19576 95 1
14694 19584 95 0
14704 19600 95 1
14729 19632 95 1
14709 19608 95 1
14704 19600 95 0
14737 19632 95 1
14754 19664 95 1
14697 19592 95 1
14780 19704 95 1
14764 19680 95 0
14772 19688 95 1
14750 19664 95 1
14791 19720 95 1
14803 19736 95 1
14781 19704 95 1
14808 19736 95 0
14815 19752 95 1
14844 19784 95 1
14828 19768 95 0
14801 19728 95 0
14847 19792 95 1
14841 19784 95 0
14876 19832 95 1
14858 19808 95 0
14841 19784 95 1
14861 19808 95 1
14872 19824 95 0
14902 19864 95 1
14887 19848 95 0
14899 19864 95 1
14885 19840 95 1
14908 19872 95 0
14920 19888 95 1
14921 19888 95 1
14944 19920 95 1
14928 19896 95 0
14925 19896 95 1
14932 19904 95 1
14957 19936 95 1
14917 19888 95 1
14968 19952 95 1
14981 19968 95 0
15002 20000 95 1
14967 19952 95 1
14996 19992 95 1
14989 19984 95 0
14997 19992 95 1
15029 20032 95 0
15015 20016 95 1
15016 20016 95 1
15015 20016 95 1
15016 20016 95 1
15032 20040 95 0
15056 20072 95 1
15076 20096 95 1
15050 20064 95 1
15059 20072 95 1
15059 20072 95 1
15091 20120 95 1
15089 20112 95 1
15091 20120 95 0
15102 20128 95 1
15092 20120 95 1
15115 20152 95 1
15096 20120 95 1
15154 20200 95 0
15144 20184 95 0
15159 20208 95 1
15145 20192 95 1
15172 20224 95 1
15157 20208 95 0
15170 20224 95 0
15180 20232 95 1
15198 20256 95 1
15192 20248 95 1
15197 20256 95 1
15195 20256 95 0
15212 20280 95 1
15202 20264 95 1
15208 20272 95 1
15241 20320 95 0
15242 20320 95 1
15230 20304 95 0
15255 20336 95 0
15249 20328 95 1
15247 20328 95 0
15267 20352 95 0
15274 20360 95 1
15273 20360 95 1
15301 20400 95 0
15290 20384 95 1
15324 20424 95 1
15306 20400 95 1
15311 20408 95 1
15329 20432 95 0
15347 20456 95 1
15326 20432 95 1
15333 20440 95 1
15351 20464 95 0
15346 20456 95 1
15383 20504 95 1
15362 20480 95 1
15387 20512 95 1
15399 20528 95 1
15386 20512 95 0
15401 20528 95 1
15405 20536 95 1
15413 20544 95 1
15383 20504 95 0
15430 20568 95 1
15428 20568 95 1
15431 20568 95 1
15443 20584 95 1
15446 20592 95 1
15454 20600 95 1
15446 20592 95 0
15478 20632 95 1
15455 20600 95 1
15473 20576 95 1
15485 20640 95 1
15463 20616 95 1
15498 20656 95 1
15490 20648 95 1
15513 20680 95 1
15542 20720 95 1
15547 20664 95 1
15534 20704 95 1
15557 20736 95 1
15532 20704 95 1
15555 20736 95 0
15536 20712 95 0
15576 20760 95 0
15558 20736 95 1
15569 20752 95 0
15602 20800 95 1
15603 20760 95 1
15584 20776 95 1
15600 20792 95 1
15623 20824 95 1
15601 20800 95 0
15648 20856 95 1
15640 20848 95 1
15625 20832 95 1
15655 20872 95 1
15643 20856 95 1
15631 20840 95 1
15688 20912 95 1
15654 20864 95 0
15689 20912 95 1
15700 20928 95 1
15686 20912 95 1
15677 20896 95 1
15688 20912 95 1
15721 20960 95 1
15721 20960 95 1
15734 20976 95 1
15706 20936 95 1
15719 20904 95 1
15712 20928 95 1
15753 21000 95 1
15773 21024 95 1
15764 21016 95 1
15776 21032 95 1
15774 21024 95 1
15761 21008 95 0
15775 21032 95 1
15773 21024 95 1
15802 21064 95 0
15807 21072 95 1
15792 21048 95 1
15817 21088 95 1
15850 21128 95 1
15838 21112 95 0
15843 21120 95 0
15857 21136 95 1
15864 21144 95 1
15853 21136 95 1
15858 21136 95 1
15902 21200 95 1
15889 21184 95 1
15870 21152 95 1
15890 21184 95 1
15912 21208 95 1
15898 21192 95 0
15899 21192 95 1
15885 21176 95 1
15929 21232 95 1
15939 21184 95 1
15940 21248 95 1
15966 21280 95 1
15948 21256 95 1
15934 21240 95 1
15984 21304 95 1
15950 21264 95 1
15956 21272 95 1
15996 21320 95 1
15992 21320 95 0
15992 21320 95 1
15994 21320 95 0
16016 21336 95 1
16023 21360 95 1
16012 21320 95 1
16006 21336 95 1
16045 21392 95 1
16032 21368 95 1
16047 21336 95 1
16051 21400 95 1
16084 21440 95 1
16064 21416 95 0
16087 21448 95 1
16091 21448 95 1
16072 21424 95 1
16084 21440 95 1
16113 21480 95 0
16134 21504 95 1
16110 21472 95 1
16124 21496 95 0
16165 21552 95 1
16159 21544 95 1
16129 21504 95 0
16151 21528 95 1
16155 21536 95 1
16157 21536 95 1
16168 21552 95 1
16195 21592 95 1
16218 21616 95 1
16184 21576 95 1
16218 21616 95 1
16193 21584 95 1
16230 21632 95 1
16210 21608 95 1
16237 21584 95 1
16221 21624 95 1
16238 21648 95 1
16240 21648 95 1
16237 21648 95 0
16266 21680 95 1
16243 21656 95 1
16267 21688 95 1
16288 21656 95 1
16304 21736 95 1
16284 21704 95 1
16299 21728 95 1
16311 21744 95 1
16304 21736 95 1
16296 21720 95 1
16292 21720 95 1
16352 21800 95 0
16319 21752 95 1
16355 21800 95 0
16382 21840 95 1
16353 21800 95 1
16358 21808 95 1
16367 21816 95 1
16390 21848 95 1
16351 21800 95 1
16393 21856 95 1
16402 21864 95 1
16377 21832 95 1
16386 21840 95 1
16434 21904 95 1
16427 21896 95 1
16427 21896 95 1
16426 21896 95 1
16465 21952 95 1
16454 21936 95 1
16443 21920 95 1
16442 21920 95 1
16468 21952 95 0
16462 21944 95 0
16466 21952 95 0
16502 22000 95 0
16511 22008 95 1
16475 21960 95 1
16513 22016 95 0
16510 22008 95 1
16528 22032 95 1
16522 22024 95 1
16546 22056 95 0
16542 22048 95 0
16568 22088 95 1
16574 22096 95 0
16579 22104 95 0
16580 22104 95 1
16562 22080 95 1
16574 22096 95 1
16611 22096 95 1
16581 22104 95 1
16586 22056 95 1
16580 22104 95 0
16634 22176 95 1
16626 22160 95 1
16621 22160 95 1
16623 22160 95 1
16650 22192 95 1
16657 22208 95 1
16634 22176 95 1
16666 22216 95 0
16646 22192 95 0
16708 22272 95 1
16691 22248 95 0
16687 22248 95 1
16724 22296 95 1
16687 22248 95 1
16725 22296 95 1
16717 22288 95 1
16742 22320 95 1
16724 22296 95 0
16725 22296 95 0
16770 22352 95 0
16733 22304 95 1
16749 22328 95 0
16786 22336 95 1
16774 22360 95 0
16789 22384 95 1
16746 22320 95 1
16786 22376 95 1
16799 22392 95 0
16796 22392 95 1
16807 22408 95 1
16836 22440 95 1
16804 22400 95 0
16786 22376 95 0
16827 22432 95 1
16856 22472 95 1
16835 22440 95 1
16864 22480 95 0
16831 22440 95 0
16900 22528 95 1
16843 22424 95 1
16875 22496 95 1
16881 22464 95 1
16912 22544 95 1
16872 22488 95 0
16882 22504 95 1
16907 22536 95 1
16909 22544 95 1
16903 22536 95 1
16897 22528 95 1
16948 22592 95 1
16954 22600 95 1
16972 22608 95 1
16985 22640 95 0
16952 22600 95 1
16982 22640 95 1
16985 22640 95 1
17008 22672 95 1
16985 22640 95 1
17000 22664 95 0
16997 22656 95 1
17012 22680 95 0
17026 22696 95 1
17022 22688 95 1
17006 22672 95 1
17032 22704 95 0
17066 22752 95 1
17046 22720 95 1
17062 22744 95 1
17090 22784 95 1
17074 22760 95 1
17082 22768 95 1
17096 22792 95 1
17083 22776 95 1
17106 22800 95 1
17106 22800 95 1
17135 22840 95 0
17124 22824 95 1
17114 22816 95 1
17147 22856 95 1
17150 22864 95 1
17130 22832 95 1
17146 22856 95 1
17187 22912 95 0
17163 22880 95 1
17176 22896 95 1
17191 22920 95 1
17203 22936 95 1
17213 22944 95 1
17191 22920 95 1
17184 22880 95 1
17196 22920 95 1
17245 22992 95 1
17233 22976 95 1
17230 22968 95 1
17238 22976 95 1
17216 22952 95 2
17238 22976 95 1
17240 22936 95 1
17271 23024 95 0
17266 23016 95 1
17270 23024 95 0
17288 23048 95 1
17317 23088 95 1
17283 23040 95 0
17308 23072 95 0
17322 23088 95 1
17345 23120 95 1
17313 23080 95 0
17331 23104 95 1
17336 23112 95 0
17321 23040 95 1
17314 23080 95 1
17362 23144 95 1
17366 23152 95 0
17391 23184 95 0
17371 23160 95 1
17400 23192 95 1
17404 23200 95 1
17403 23200 95 1
17384 23176 95 0
17394 23184 95 0
17415 23216 95 1
17445 23256 95 1
17423 23224 95 1
17433 23240 95 1
17428 23232 95 1
17467 23288 95 1
17462 23280 95 1
17463 23280 95 1
17466 23280 95 0
17475 23296 95 1
17456 23272 95 1
17503 23336 95 1
17504 23336 95 1
17504 23336 95 0
17504 23336 95 1
17526 23360 95 1
17522 23360 95 1
17533 23376 95 1
17541 23384 95 1
17549 23392 95 0
17540 23384 95 1
17564 23416 95 1
17566 23416 95 1
17560 23408 95 1
17580 23432 95 0
17592 23448 95 1
17616 23480 95 1
17590 23448 95 0
17572 23424 95 1
17594 23456 95 1
17592 23448 95 1
17612 23480 95 0
17622 23488 95 1
17657 23536 95 0
17651 23528 95 1
17643 23520 95 1
17646 23520 95 0
17653 23536 95 1
17664 23544 95 1
17712 23608 95 1
17649 23528 95 1
17700 23592 95 1
17699 23592 95 1
17685 23576 95 1
17695 23592 95 1
17697 23592 95 0
17717 23616 95 1
17708 23608 95 1
17726 23632 95 0
17762 23680 95 1
17745 23656 95 1
17783 23704 95 0
17748 23656 95 1
17778 23696 95 1
17759 23672 95 1
17799 23728 95 1
17795 23720 95 0
17783 23704 95 1
17802 23728 95 0
17803 23736 95 1
17830 23768 95 1
17782 23704 95 1
17800 23728 95 1
17829 23768 95 0
17857 23808 95 1
17859 23808 95 0
17879 23832 95 1
17891 23848 95 1
17843 23784 95 1
17866 23816 95 1
17876 23832 95 1
17883 23840 95 1
17910 23872 95 1
17913 23880 95 1
17920 23888 95 1
17922 23888 95 1
17909 23872 95 1
17907 23808 95 1
17911 23880 95 1
17926 23896 95 1
17950 23928 95 1
17967 23952 95 1
17995 23992 95 1
17964 23944 95 0
17974 23960 95 1
17979 23968 95 1
17994 23984 95 1
17975 23960 95 0
17973 23960 95 1
18002 24000 95 1
18019 24024 95 0
18021 24024 95 1
18009 23968 95 1
18030 24032 95 0
18016 24016 95 1
18042 24048 95 1
18054 24064 95 0
18070 24088 95 1
18049 24064 95 1
18087 24112 95 1
18092 24120 95 1
18074 24096 95 1
18103 24136 95 1
18081 24104 95 1
18129 24136 95 1
18106 24136 95 1
18100 24128 95 1
18138 24176 95 1
18141 24184 95 1
18155 24200 95 1
18147 24112 95 1
18150 24192 95 1
18178 24232 95 1
18177 24232 95 1
18191 24248 95 1
18188 24248 95 0
18177 24232 95 1
18206 24272 95 1
18188 24248 95 1
18207 24272 95 1
18206 24272 95 1
18184 24240 95 1
18240 24312 95 1
18224 24296 95 1
18254 24336 95 1
18220 24288 95 0
18268 24352 95 1
18265 24352 95 1
18264 24344 95 1
18282 24368 95 1
18261 24344 95 1
18277 24368 95 1
18284 24376 95 1
18282 24288 95 1
18312 24408 95 1
18304 24400 95 0
18322 24424 95 0
18337 24448 95 1
18299 24392 95 1
18330 24432 95 0
18351 24464 95 1
18360 24472 95 1
18347 24456 95 1
18378 24496 95 0
18364 24480 95 1
18368 24488 95 0
18380 24504 95 1
18370 24488 95 1
18361 24480 95 1
18415 24552 95 1
18414 24544 95 1
18408 24536 95 1
18404 24536 95 1
18436 24576 95 1
18427 24568 95 1
18428 24568 95 1
18400 24528 95 1
18468 24616 95 1
18474 24624 95 1
18456 24600 95 1
18458 24608 95 1
18471 24624 95 1
18494 24656 95 1
18504 24664 95 0
18511 24680 95 1
18522 24688 95 1
18521 24688 95 1
18523 24696 95 1
18520 24688 95 1
18535 24712 95 1
18570 24752 95 1
18532 24704 95 1
18555 24736 95 1
18555 24736 95 1
18568 24752 95 1
18559 24744 95 1
18577 24768 95 1
18602 24800 95 1
18606 24664 95 1
18604 24800 95 1
18625 24832 95 0
18617 24816 95 1
18627 24832 95 1
18618 24816 95 1
18639 24848 95 1
18647 24856 95 1
18647 24856 95 1
18644 24856 95 1
18654 24864 95 1
18647 24856 95 0
18697 24928 95 1
18671 24888 95 1
18703 24936 95 1
18674 24896 95 1
18701 24928 95 1
18703 24936 95 0
18708 24936 95 1
18735 24976 95 0
18693 24920 95 1
18741 24984 95 1
18755 25000 95 1
18742 24984 95 1
18741 24984 95 1
18750 24992 95 1
18777 25032 95 1
18766 25016 95 1
18811 25080 95 1
18779 25032 95 1
18780 25032 95 1
18793 25056 95 1
18780 25032 95 1
18831 25104 95 1
18817 25088 95 1
18829 25104 95 1
18815 25080 95 1
18853 25136 95 1
18842 25120 95 1
18834 25104 95 1
18871 25160 95 1
18879 25168 95 0
18894 25184 95 1
18867 25152 95 1
18888 25176 95 1
18889 25184 95 1
18899 25192 95 1
18909 25208 95 1
18920 25224 95 1
18930 25232 95 1
18950 25264 95 0
18907 25208 95 1
18916 25216 95 1
18972 25288 95 0
18973 25296 95 1
18971 25288 95 1
18976 25296 95 1
18957 25272 95 1
18965 25280 95 1
18971 25288 95 0
18985 25312 95 1
19019 25352 95 1
18999 25328 95 0
19011 25344 95 1
19032 25368 95 1
19017 25328 95 1
19062 25408 95 1
19047 25392 95 1
19053 25400 95 1
19044 25384 95 1
19056 25400 95 1
19074 25424 95 1
19088 25448 95 0
19073 25424 95 1
19081 25440 95 0
19093 25456 95 1
19091 25448 95 1
19122 25488 95 1
19146 25520 95 1
19133 25504 95 1
19154 25536 95 1
19120 25456 95 1
19134 25504 95 1
19152 25528 95 1
19162 25544 95 1
19159 25544 95 1
19167 25552 95 1
19181 25568 95 1
19171 25560 95 1
19189 25584 95 0
19202 25600 95 1
19196 25592 95 1
19189 25584 95 0
19193 25584 95 1
19229 25632 95 0
19214 25616 95 1
19264 25664 95 1
19246 25656 95 0
19276 25656 95 1
19232 25640 95 1
19269 25688 95 1
19245 25656 95 1
19254 25584 95 1
19283 25704 95 1
19261 25680 95 1
19304 25736 95 1
19290 25712 95 1
19317 25752 95 1
19293 25720 95 1
19330 25704 95 1
19313 25744 95 1
19334 25752 95 1
19339 25784 95 1
19352 25800 95 1
19355 25800 95 1
19372 25824 95 1
19365 25816 95 1
19382 25840 95 1
19389 25848 95 1
19384 25840 95 1
19393 25792 95 1
19403 25864 95 1
19424 25896 95 1
19375 25792 95 1
19429 25904 95 0
19407 25872 95 1
19417 25888 95 1
19412 25880 95 1
19456 25936 95 1
19458 25936 95 1
19453 25936 95 1
19438 25912 95 1
19442 25920 95 1
19473 25960 95 1
19468 25952 95 0
19526 26032 95 1
19497 25992 95 0
19526 26032 95 1
19509 26008 95 1
19498 25992 95 1
19530 26032 95 1
19524 26024 95 1
19508 26008 95 1
19529 26032 95 1
19559 26072 95 1
19576 26096 95 1
19533 26040 95 1
19537 26048 95 1
19555 26072 95 1
19602 26128 95 1
19574 26096 95 1
19606 26136 95 1
19576 26096 95 1
19593 26120 95 1
19604 26136 95 1
19623 26160 95 1
19615 26152 95 1
19638 26176 95 1
19648 26192 95 1
19662 26208 95 1
19657 26208 95 1
19650 26192 95 1
19664 26216 95 1
19675 26232 95 1
19708 26272 95 1
19695 26256 95 1
19668 26216 95 1
19687 26248 95 1
19714 26280 95 1
19719 26288 95 1
19699 26264 95 1
19722 26288 95 1
19734 26304 95 1
19744 26320 95 1
19794 26384 95 1
19751 26328 95 1
