17 16 4 0
27 24 6 0
38 32 8 0
49 40 10 0
61 48 12 0
73 56 14 0
76 64 14 0
97 72 18 0
100 80 18 0
123 88 22 0
136 96 24 0
149 104 26 0
143 112 24 0
165 120 28 0
188 128 32 0
201 136 34 0
215 144 36 0
209 152 34 0
233 160 38 0
219 168 34 0
261 176 42 0
276 184 44 0
279 192 44 0
276 200 42 0
270 208 40 0
311 216 48 0
327 224 50 0
322 232 48 0
345 240 52 0
377 248 58 0
382 256 58 0
371 264 54 0
353 272 50 0
417 280 62 0
413 288 60 0
458 296 68 0
402 304 56 1
439 312 62 0
465 320 66 1
448 328 62 1
486 336 68 1
508 344 72 1
514 352 72 1
478 360 64 1
515 368 70 1
559 376 78 1
562 384 78 1
519 392 68 1
561 400 76 1
560 408 74 1
627 416 86 1
626 424 86 1
655 432 90 1
593 440 76 1
633 448 84 1
669 456 90 1
626 464 80 1
650 472 84 1
709 480 94 1
668 488 84 1
709 496 92 2
746 504 98 2
698 512 88 2
787 520 106 2
700 528 86 2
760 536 98 2
767 544 98 2
797 552 102 2
742 560 90 2
782 568 98 2
803 576 100 2
764 584 92 2
843 592 106 2
838 600 104 2
849 608 104 2
891 616 112 2
865 624 106 3
875 632 106 2
870 640 104 3
894 648 108 3
933 656 116 3
918 664 110 3
940 672 114 3
898 680 102 3
955 688 114 3
969 696 114 3
999 704 120 3
956 712 110 3
1044 720 128 3
1049 728 126 3
1006 736 116 3
1020 744 118 3
1055 752 124 3
1045 760 122 4
1074 768 124 4
1099 776 128 4
1057 784 120 4
1075 792 122 4
1132 800 132 4
1108 808 126 4
1120 816 126 4
1162 824 134 4
1149 832 130 4
1115 840 124 4
1130 848 124 4
1206 856 138 5
1203 864 136 5
1187 872 132 5
1192 880 134 5
1147 888 122 5
1218 896 134 6
1188 904 128 5
1221 912 132 5
1219 920 134 5
1230 928 132 5
1234 936 132 5
1214 944 126 5
1285 952 140 5
1258 960 132 5
1240 968 128 5
1303 976 140 5
1230 984 126 5
1240 992 124 5
1337 1000 142 6
1339 1008 140 6
1352 1016 142 6
1409 1024 150 6
1342 1032 138 6
1339 1040 136 6
1340 1048 136 6
1405 1056 148 6
1382 1064 142 6
1451 1072 154 7
1398 1080 140 6
1405 1088 142 7
1450 1096 150 7
1442 1104 146 7
1448 1112 146 6
1477 1120 152 7
1503 1128 154 7
1487 1136 152 8
1494 1144 150 7
1526 1152 154 7
1536 1160 156 7
1547 1168 158 8
1467 1176 142 7
1552 1184 154 8
1561 1192 156 8
1579 1200 158 8
1584 1208 160 8
1593 1216 158 8
1604 1224 160 8
1556 1232 148 8
1647 1240 164 9
1592 1248 154 8
1673 1256 166 8
1568 1264 146 8
1567 1272 146 8
1618 1280 152 8
1645 1288 158 8
1617 1296 150 9
1649 1304 156 9
1671 1312 160 9
1652 1320 154 8
1685 1328 160 9
1676 1336 156 9
1685 1344 156 9
1660 1352 150 9
1676 1360 154 8
1725 1368 160 9
1708 1376 156 9
1706 1384 156 10
1756 1392 164 10
1770 1400 162 10
1763 1408 162 10
1726 1416 152 9
1795 1424 164 10
1791 1432 162 10
1771 1440 158 10
1835 1448 166 10
1813 1456 164 11
1790 1464 158 10
1871 1472 172 11
1887 1480 172 11
1815 1488 160 10
1873 1496 166 11
1871 1504 166 12
1811 1512 152 10
1898 1520 166 11
1894 1528 168 11
1914 1536 170 11
1868 1544 164 10
1907 1552 166 11
1889 1560 164 11
1908 1568 162 12
1941 1576 168 12
1973 1584 172 11
1930 1592 164 12
1995 1600 172 11
1972 1608 166 11
1941 1616 162 11
2052 1624 182 13
2014 1632 172 13
1989 1640 166 13
1993 1648 166 12
2014 1656 168 11
2018 1664 170 13
2032 1672 172 12
2074 1680 176 15
2003 1688 162 12
2026 1696 166 12
2119 1704 180 13
2051 1712 170 13
2056 1720 170 14
2057 1728 168 12
2062 1736 166 13
2109 1744 170 14
2155 1752 178 14
2097 1760 170 13
2063 1768 160 14
2133 1776 174 14
2116 1784 170 13
2140 1792 172 13
2130 1800 168 14
2195 1808 178 15
2156 1816 170 14
2189 1824 174 15
2142 1832 168 14
2208 1840 178 15
2224 1848 178 16
2223 1856 176 14
2228 1864 178 14
2197 1872 170 14
2252 1880 178 14
2163 1888 164 14
2216 1896 170 15
2298 1904 180 16
2244 1912 174 15
2247 1920 170 15
2249 1928 172 15
2251 1936 170 15
2298 1944 176 16
2227 1952 164 15
2318 1960 180 16
2328 1968 180 15
2342 1976 180 16
2366 1984 184 17
2285 1992 170 15
2338 2000 178 17
2354 2008 176 18
2376 2016 180 17
2356 2024 178 15
2385 2032 180 17
2353 2040 174 16
2389 2048 180 16
2359 2056 174 16
2316 2064 164 15
2394 2072 174 16
2425 2080 178 17
2415 2088 176 18
2408 2096 178 17
2400 2104 174 16
2393 2112 168 17
2476 2120 184 18
2413 2128 170 17
2454 2136 180 17
2496 2144 184 19
2482 2152 180 18
2487 2160 178 18
2503 2168 180 18
2493 2176 178 18
2497 2184 178 17
2510 2192 180 19
2550 2200 182 18
2562 2208 186 19
2472 2216 168 19
2519 2224 180 19
2579 2232 186 19
2552 2240 180 19
2539 2248 178 18
2544 2256 176 18
2602 2264 182 19
2586 2272 178 20
2591 2280 180 18
2624 2288 184 20
2610 2296 182 19
2621 2304 180 19
2643 2312 184 20
2615 2320 180 19
2657 2328 182 21
2647 2336 180 20
2626 2344 178 19
2618 2352 174 21
2681 2360 184 20
2643 2368 178 33
2684 2376 182 20
2629 2384 174 19
2688 2392 180 21
2711 2400 186 21
2698 2408 178 21
2712 2416 184 20
2737 2424 182 21
2741 2432 180 20
2718 2440 178 22
2755 2448 186 21
2769 2456 188 21
2762 2464 184 21
2768 2472 184 21
2795 2480 186 20
2761 2488 180 21
2776 2496 180 21
2759 2504 176 21
2846 2512 188 23
2812 2520 184 21
2785 2528 178 22
2830 2536 184 22
2820 2544 184 21
2818 2552 180 21
2841 2560 186 22
2862 2568 184 23
2868 2576 184 22
2898 2584 188 22
2860 2592 186 22
2864 2600 180 22
2880 2608 184 22
2884 2616 184 23
2915 2624 186 23
2880 2632 182 23
2910 2640 182 21
2925 2648 182 23
2936 2656 186 24
2885 2664 176 22
2936 2672 184 23
2967 2680 186 23
2984 2688 186 22
2936 2696 180 23
3008 2704 190 23
2962 2712 184 25
3001 2720 188 25
3006 2728 186 24
2991 2736 186 25
2991 2744 184 25
3022 2752 184 24
3004 2760 182 23
3039 2768 186 24
3048 2776 188 25
3007 2784 184 24
3050 2792 182 25
3045 2800 184 25
3044 2808 182 23
3091 2816 188 25
3090 2824 188 26
3120 2832 190 25
3077 2840 184 24
3094 2848 186 25
3137 2856 188 26
3118 2864 186 25
3125 2872 184 33
3149 2880 186 26
3116 2888 186 27
3163 2896 188 27
3145 2904 186 27
3133 2912 184 26
3191 2920 190 26
3169 2928 188 26
3172 2936 184 26
3176 2944 188 25
3195 2952 186 26
3203 2960 186 28
3202 2968 188 25
3215 2976 186 27
3229 2984 188 27
3236 2992 188 26
3207 3000 182 26
3262 3008 188 26
3261 3016 188 27
3291 3024 188 28
3240 3032 184 27
3256 3040 182 27
3262 3048 186 27
3334 3056 190 30
3290 3064 186 29
3316 3072 188 28
3287 3080 186 29
3317 3088 188 27
3300 3096 188 29
3336 3104 188 30
3316 3112 186 28
3322 3120 186 27
3342 3128 188 28
3371 3136 188 29
3381 3144 190 30
3399 3152 190 29
3360 3160 188 28
3412 3168 188 28
3378 3176 186 27
3381 3184 184 29
3415 3192 188 29
3395 3200 186 28
3421 3208 188 28
3422 3216 186 29
3394 3224 186 29
3436 3232 188 30
3466 3240 188 29
3429 3248 188 30
3485 3256 188 31
3498 3264 190 31
3470 3272 186 29
3495 3280 190 31
3505 3288 188 31
3490 3296 188 30
3495 3304 188 30
3527 3312 190 30
3555 3320 190 30
3532 3328 188 29
3538 3336 190 30
3531 3344 186 30
3562 3352 190 31
3508 3360 182 30
3527 3368 186 31
3566 3376 188 30
3559 3384 186 30
3566 3392 186 30
3562 3400 190 29
3600 3408 188 32
3575 3416 188 31
3585 3424 188 31
3617 3432 190 31
3618 3440 188 31
3584 3448 184 31
3643 3456 188 32
3645 3464 190 32
3600 3472 182 30
3641 3480 186 31
3701 3488 190 35
3654 3496 186 33
3642 3504 186 31
3689 3512 188 33
3701 3520 190 33
3711 3528 188 33
3712 3536 190 34
3706 3544 188 31
3700 3552 184 33
3689 3560 184 32
3736 3568 190 32
3752 3576 190 34
3763 3584 190 32
3747 3592 188 31
3758 3600 188 33
3736 3608 188 33
3770 3616 188 34
3773 3624 190 33
3786 3632 188 33
3755 3640 186 31
3812 3648 190 41
3815 3656 190 33
3786 3664 184 34
3821 3672 190 32
3790 3680 186 34
3833 3688 190 34
3780 3696 184 34
3862 3704 190 35
3854 3712 188 35
3864 3720 190 35
3899 3728 190 35
3874 3736 190 35
3876 3744 190 32
3873 3752 188 34
3877 3760 188 34
3875 3768 188 35
3902 3776 188 34
3903 3784 190 34
3950 3792 190 35
3919 3800 188 35
3932 3808 188 35
3945 3816 188 35
3935 3824 186 35
3955 3832 190 36
3932 3840 188 36
3980 3848 190 36
3966 3856 190 36
4004 3864 190 37
3963 3872 188 36
4002 3880 188 35
4031 3888 190 37
4013 3896 190 36
3999 3904 188 34
4013 3912 188 38
4034 3920 190 36
4027 3928 190 36
4058 3936 190 37
4001 3944 186 37
4047 3952 188 35
4060 3960 188 38
4068 3968 190 37
4077 3976 190 37
4068 3984 190 35
4073 3992 190 37
4112 4000 190 36
4101 4008 190 37
4101 4016 188 37
4097 4024 190 37
4108 4032 188 36
4113 4040 190 37
4103 4048 186 35
4148 4056 190 38
4149 4064 190 37
4177 4072 190 38
4182 4080 190 39
4183 4088 190 39
4181 4096 190 39
4209 4104 190 38
4187 4112 190 36
4190 4120 188 38
4226 4128 188 37
4198 4136 190 42
4223 4144 190 39
4203 4152 188 38
4213 4160 186 40
4232 4168 190 41
4222 4176 190 39
4248 4184 190 41
4263 4192 190 39
4273 4200 190 39
4270 4208 190 39
4297 4216 190 40
4275 4224 190 40
4302 4232 190 40
4284 4240 188 38
4278 4248 186 40
4290 4256 188 39
4332 4264 190 39
4323 4272 188 38
4319 4280 190 40
4299 4288 186 40
4328 4296 190 40
4328 4304 188 41
4359 4312 190 40
4375 4320 190 41
4347 4328 188 41
4397 4336 190 40
4399 4344 188 40
4386 4352 190 42
4408 4360 190 39
4401 4368 190 41
4396 4376 190 41
4435 4384 190 41
4436 4392 190 42
4451 4400 190 43
4426 4408 190 51
4439 4416 190 43
4464 4424 190 42
4473 4432 190 42
4469 4440 190 42
4448 4448 190 41
4477 4456 188 40
4474 4464 188 42
4511 4472 190 43
4511 4480 190 42
4521 4488 190 45
4501 4496 188 41
4540 4504 190 42
4499 4512 188 41
4546 4520 190 42
4529 4528 190 40
4530 4536 188 42
4559 4544 190 44
4550 4552 188 43
4578 4560 190 42
4610 4568 190 42
4580 4576 190 44
4576 4584 190 43
4593 4592 190 43
4617 4600 190 41
4617 4608 190 42
4618 4616 190 47
4592 4624 188 43
4613 4632 190 44
4576 4640 184 41
4648 4648 190 43
4666 4656 190 43
4681 4664 190 45
4649 4672 188 43
4653 4680 188 42
4694 4688 190 43
4699 4696 190 44
4702 4704 190 44
4708 4712 190 44
4691 4720 190 44
4704 4728 190 43
4716 4736 190 44
4731 4744 190 44
4754 4752 190 46
4743 4760 190 46
4722 4768 188 44
4734 4776 190 44
4757 4784 190 44
4784 4792 190 45
4759 4800 190 45
4794 4808 190 44
4805 4816 190 45
4756 4824 188 45
4804 4832 190 45
4787 4840 190 45
4825 4848 190 45
4824 4856 188 46
4828 4864 190 46
4806 4872 190 46
4838 4880 190 47
4863 4888 190 45
4832 4896 188 46
4843 4904 190 46
4861 4912 190 45
4848 4920 190 45
4876 4928 188 46
4879 4936 190 45
4888 4944 190 46
4911 4952 188 62
4916 4960 190 46
4914 4968 190 47
4920 4976 188 45
4952 4984 190 48
4943 4992 190 46
4898 5000 188 47
4933 5008 190 47
4948 5016 190 44
4968 5024 190 48
4921 5032 188 48
4993 5040 190 46
4976 5048 190 47
4994 5056 190 48
4986 5064 188 45
4994 5072 190 47
5004 5080 190 49
5012 5088 190 46
5046 5096 190 48
5030 5104 190 47
5059 5112 190 47
5040 5120 190 46
5014 5128 190 46
5050 5136 188 47
5058 5144 190 48
5071 5152 190 47
5059 5160 190 48
5077 5168 190 48
5114 5176 190 50
5089 5184 190 49
5099 5192 190 49
5084 5200 190 50
5099 5208 190 49
5139 5216 190 48
5170 5224 190 50
5142 5232 190 48
5139 5240 190 50
5163 5248 190 52
5149 5256 190 49
5177 5264 190 49
5172 5272 190 51
5166 5280 190 51
5182 5288 190 51
5190 5296 190 50
5199 5304 190 50
5186 5312 190 50
5210 5320 190 49
5248 5328 190 48
5215 5336 190 50
5219 5344 190 47
5251 5352 190 51
5255 5360 190 52
5245 5368 190 50
5255 5376 190 49
5270 5384 190 49
5285 5392 190 51
5261 5400 190 48
5228 5408 186 49
5293 5416 190 53
5269 5424 190 49
5291 5432 190 52
5306 5440 190 50
5307 5448 190 54
5318 5456 190 50
5356 5464 190 59
5325 5472 188 51
5340 5480 190 49
5334 5488 188 51
5338 5496 190 50
5378 5504 190 51
5364 5512 190 52
5355 5520 188 52
5397 5528 190 51
5397 5536 188 51
5386 5544 190 52
5386 5552 190 53
5425 5560 190 53
5422 5568 190 52
5417 5576 190 52
5425 5584 190 54
5436 5592 190 53
5463 5600 190 53
5459 5608 190 53
5455 5616 190 54
5455 5624 190 52
5469 5632 190 52
5459 5640 190 53
5476 5648 190 53
5499 5656 190 55
5504 5664 190 53
5516 5672 190 55
5496 5680 190 53
5531 5688 190 53
5542 5696 190 54
5558 5704 190 55
5573 5712 190 54
5568 5720 190 54
5531 5728 190 54
5539 5736 190 51
5575 5744 190 56
5577 5752 190 51
5554 5760 190 51
5588 5768 190 53
5580 5776 190 55
5626 5784 190 55
5578 5792 190 53
5614 5800 190 55
5631 5808 190 54
5632 5816 190 55
5618 5824 190 52
5628 5832 190 53
5648 5840 190 53
5660 5848 190 54
5654 5856 190 55
5659 5864 190 55
5672 5872 190 55
5654 5880 188 55
5667 5888 190 52
5711 5896 190 55
5677 5904 190 56
5710 5912 190 54
5713 5920 190 55
5693 5928 190 56
5738 5936 190 58
5710 5944 190 57
5772 5952 190 55
5713 5960 190 55
5773 5968 190 54
5764 5976 190 56
5761 5984 190 55
5776 5992 190 56
5773 6000 190 55
5783 6008 190 55
5792 6016 190 55
5773 6024 188 66
5798 6032 190 56
5817 6040 190 56
5830 6048 190 58
5819 6056 190 61
5833 6064 190 64
5800 6072 188 60
5849 6080 190 63
5856 6088 190 63
5843 6096 190 64
5909 6104 190 57
5869 6112 190 57
5891 6120 190 56
5910 6128 190 55
5879 6136 190 59
5887 6144 190 56
5895 6152 190 57
5905 6160 190 59
5933 6168 190 57
5938 6176 190 57
5944 6184 190 57
5940 6192 190 59
5942 6200 190 58
5958 6208 190 60
5945 6216 190 59
5948 6224 190 56
5968 6232 190 58
5975 6240 190 58
5992 6248 190 59
6009 6256 190 58
6001 6264 190 59
5982 6272 190 58
6002 6280 190 59
6024 6288 190 57
6013 6296 190 59
6028 6304 190 61
6062 6312 190 57
6037 6320 190 57
6070 6328 190 60
6072 6336 190 60
6075 6344 190 62
6091 6352 190 59
6099 6360 190 61
6079 6368 190 58
6080 6376 190 62
6111 6384 190 57
6104 6392 190 59
6122 6400 188 61
6151 6408 190 58
6099 6416 190 58
6145 6424 190 62
6103 6432 190 60
6145 6440 190 59
6172 6448 190 61
6161 6456 190 62
6187 6464 190 60
6199 6472 190 62
6190 6480 190 65
6166 6488 190 62
6234 6496 190 61
6203 6504 190 62
6238 6512 190 59
6189 6520 190 59
6231 6528 190 63
6230 6536 190 61
6242 6544 190 62
6258 6552 190 62
6252 6560 190 61
6236 6568 190 63
6219 6576 190 58
6277 6584 190 59
6269 6592 190 61
6285 6600 190 63
6278 6608 190 62
6282 6616 190 61
6305 6624 190 60
6308 6632 190 60
6325 6640 190 66
6313 6648 190 61
6375 6656 190 62
6311 6664 190 61
6319 6672 190 62
6335 6680 190 60
6338 6688 190 62
6366 6696 190 63
6353 6704 190 61
6378 6712 190 60
6410 6720 190 63
6377 6728 190 63
6404 6736 190 64
6413 6744 190 66
6410 6752 190 64
6429 6760 190 62
6437 6768 190 60
6447 6776 190 62
6454 6784 190 63
6432 6792 190 62
6457 6800 190 63
6507 6808 190 63
6475 6816 190 64
6484 6824 190 63
6481 6832 190 64
6529 6840 190 64
6523 6848 190 68
6494 6856 190 64
6494 6864 190 64
6525 6872 190 64
6503 6880 190 64
6503 6888 190 62
6496 6896 190 63
6554 6904 190 64
6535 6912 190 64
6567 6920 190 66
6564 6928 190 66
6576 6936 190 63
6583 6944 190 64
6595 6952 190 69
6583 6960 190 63
6594 6968 190 66
6626 6976 190 64
6612 6984 190 65
6617 6992 190 65
6621 7000 190 63
6613 7008 190 65
6647 7016 190 66
6639 7024 190 66
6630 7032 190 67
6651 7040 190 66
6637 7048 190 63
6645 7056 190 65
6660 7064 190 64
6665 7072 190 64
6686 7080 190 64
6700 7088 190 62
6701 7096 190 65
6704 7104 190 68
6732 7112 190 67
6716 7120 190 64
6714 7128 190 69
6740 7136 190 68
6747 7144 190 63
6742 7152 190 70
6747 7160 190 67
6780 7168 190 67
6739 7176 190 66
6778 7184 190 66
6762 7192 190 72
6757 7200 190 66
6774 7208 190 66
6808 7216 190 64
6790 7224 190 65
6823 7232 190 67
6807 7240 190 68
6810 7248 190 66
6855 7256 190 67
6838 7264 190 68
6862 7272 190 67
6855 7280 190 66
6845 7288 190 65
6867 7296 190 68
6874 7304 190 66
6864 7312 190 68
6861 7320 190 68
6892 7328 190 71
6933 7336 190 66
6910 7344 190 68
6925 7352 190 68
6932 7360 190 67
6915 7368 190 69
6933 7376 190 67
6957 7384 190 68
6948 7392 190 69
6940 7400 190 68
6933 7408 190 68
6981 7416 190 70
6952 7424 190 67
6984 7432 190 68
6990 7440 190 69
7006 7448 190 69
7000 7456 190 69
7002 7464 190 69
7023 7472 190 67
7037 7480 190 70
7012 7488 190 68
7026 7496 190 70
7047 7504 190 70
7042 7512 190 71
7054 7520 190 70
7063 7528 190 68
7081 7536 190 68
7039 7544 190 69
7098 7552 190 70
7083 7560 190 68
7069 7568 190 68
7100 7576 190 71
7134 7584 190 68
7127 7592 190 68
7091 7600 190 71
7142 7608 190 71
7153 7616 190 69
7117 7624 190 69
7145 7632 190 68
7151 7640 190 71
7191 7648 190 70
7171 7656 190 69
7189 7664 190 68
7164 7672 190 73
7224 7680 190 71
7193 7688 190 71
7217 7696 190 73
7214 7704 190 69
7202 7712 190 72
7230 7720 190 69
7239 7728 190 72
7235 7736 190 71
7238 7744 190 70
7253 7752 190 73
7270 7760 190 71
7253 7768 190 71
7258 7776 190 72
7262 7784 190 72
7286 7792 190 71
7260 7800 190 76
7317 7808 190 72
7297 7816 190 70
7288 7824 190 74
7338 7832 190 71
7337 7840 190 69
7337 7848 190 75
7329 7856 190 70
7366 7864 190 74
7345 7872 190 74
7356 7880 190 70
7380 7888 190 74
7376 7896 190 74
7366 7904 190 70
7398 7912 190 76
7368 7920 190 73
7424 7928 190 73
7416 7936 190 72
7410 7944 190 70
7405 7952 190 75
7418 7960 190 74
7396 7968 190 74
7436 7976 190 71
7444 7984 190 73
7451 7992 190 70
7486 8000 190 70
7476 8008 190 74
7456 8016 190 72
7486 8024 190 73
7504 8032 190 72
7494 8040 190 70
7493 8048 190 74
7459 8056 190 73
7494 8064 190 74
7545 8072 190 74
7494 8080 190 74
7538 8088 190 72
7526 8096 190 74
7568 8104 190 74
7564 8112 190 75
7518 8120 190 75
7580 8128 190 72
7573 8136 190 72
7575 8144 190 76
7595 8152 190 76
7572 8160 190 76
7605 8168 190 76
7630 8176 190 73
7608 8184 190 74
7622 8192 190 75
7623 8200 190 74
7621 8208 190 75
7659 8216 190 82
7661 8224 190 74
7647 8232 190 75
7601 8240 190 75
7669 8248 190 74
7676 8256 190 79
7680 8264 190 76
7689 8272 190 74
7703 8280 190 75
7714 8288 190 75
7693 8296 190 77
7723 8304 190 78
7704 8312 190 77
7706 8320 190 78
7713 8328 190 74
7729 8336 190 77
7732 8344 190 80
7732 8352 190 75
7742 8360 190 76
7782 8368 190 77
7772 8376 190 75
7797 8384 190 78
7790 8392 190 74
7825 8400 190 77
7800 8408 190 78
7777 8416 190 76
7835 8424 190 76
7824 8432 190 77
7793 8440 190 76
7850 8448 190 76
7838 8456 190 78
7842 8464 190 89
7836 8472 190 77
7856 8480 190 79
7905 8488 190 78
7862 8496 190 82
7866 8504 190 79
7885 8512 190 79
7902 8520 190 78
7901 8528 190 80
7922 8536 190 79
7937 8544 190 78
7921 8552 190 76
7918 8560 190 79
7929 8568 190 78
7930 8576 190 76
7936 8584 190 81
7951 8592 190 76
7940 8600 190 79
7975 8608 190 79
7940 8616 190 76
7990 8624 190 77
7992 8632 190 81
8007 8640 190 79
7960 8648 190 80
8012 8656 190 77
8038 8664 190 80
8012 8672 190 80
8014 8680 190 79
8033 8688 190 77
8015 8696 190 77
8031 8704 190 81
8052 8712 190 85
8074 8720 190 80
8032 8728 190 79
8065 8736 190 78
8097 8744 190 78
8086 8752 190 82
8080 8760 190 78
8119 8768 190 80
8121 8776 190 78
8141 8784 190 78
8143 8792 190 83
8132 8800 190 78
8146 8808 190 78
8156 8816 190 79
8146 8824 190 78
8155 8832 190 79
8146 8840 190 80
8149 8848 190 79
8173 8856 190 78
8189 8864 190 79
8190 8872 190 80
8181 8880 190 84
8169 8888 190 82
8200 8896 190 84
8194 8904 190 83
8230 8912 190 81
8234 8920 190 81
8266 8928 190 80
8252 8936 190 80
8209 8944 190 81
8223 8952 190 82
8273 8960 190 83
8237 8968 190 83
8251 8976 190 80
8281 8984 190 83
8278 8992 190 78
8289 9000 190 85
8334 9008 190 83
8296 9016 190 81
8319 9024 190 83
8304 9032 190 81
8347 9040 190 82
8337 9048 190 82
8326 9056 190 83
8364 9064 190 81
8340 9072 190 80
8351 9080 190 81
8382 9088 190 83
8369 9096 190 82
8386 9104 190 84
8394 9112 190 83
8388 9120 190 81
8373 9128 190 85
8433 9136 190 83
8409 9144 190 83
8440 9152 190 82
8425 9160 190 82
8430 9168 190 87
8441 9176 190 83
8451 9184 190 83
8485 9192 190 83
8486 9200 190 83
8486 9208 190 84
8470 9216 190 82
8452 9224 190 84
8456 9232 190 83
8510 9240 190 81
8506 9248 190 85
8541 9256 190 81
8513 9264 190 81
8519 9272 190 85
8524 9280 190 86
8532 9288 190 95
8544 9296 190 81
8544 9304 190 82
8545 9312 190 86
8548 9320 190 83
8544 9328 190 87
8568 9336 190 84
8566 9344 190 83
8627 9352 190 83
8565 9360 190 82
8599 9368 190 87
8604 9376 190 84
8555 9384 190 85
8626 9392 190 86
8602 9400 190 85
8661 9408 190 85
8655 9416 190 87
8633 9424 190 84
8640 9432 190 88
8649 9440 190 88
8664 9448 190 84
8679 9456 190 83
8676 9464 190 87
8717 9472 190 88
8664 9480 190 87
8707 9488 190 87
8711 9496 190 84
8746 9504 190 84
8726 9512 190 84
8688 9520 190 88
8737 9528 190 86
8749 9536 190 87
8760 9544 190 87
8745 9552 190 87
8726 9560 190 84
8765 9568 190 88
8776 9576 190 87
8766 9584 190 84
8770 9592 190 86
8821 9600 190 84
8825 9608 190 85
8811 9616 190 89
8829 9624 190 88
8835 9632 190 84
8833 9640 190 87
8829 9648 190 86
8846 9656 190 87
8834 9664 190 89
8847 9672 190 87
8835 9680 190 89
8853 9688 190 89
8863 9696 190 87
8885 9704 190 89
8877 9712 190 86
8891 9720 190 85
8858 9728 190 89
8884 9736 190 89
8899 9744 190 91
8889 9752 190 86
8926 9760 190 92
8920 9768 190 89
8935 9776 190 84
8944 9784 190 86
8954 9792 190 88
8983 9800 190 90
8955 9808 190 87
8939 9816 190 85
8986 9824 190 89
9010 9832 190 87
8989 9840 190 88
8980 9848 190 86
9011 9856 190 89
9034 9864 190 83
9020 9872 190 85
9061 9880 190 88
9031 9888 190 92
9051 9896 190 87
9058 9904 190 89
9081 9912 190 87
9036 9920 190 90
9071 9928 190 87
9054 9936 190 91
9078 9944 190 90
9112 9952 190 87
9062 9960 190 90
9100 9968 190 89
9094 9976 190 93
9118 9984 190 86
9119 9992 190 91
9132 10000 190 88
9133 10008 190 88
9135 10016 190 90
9159 10024 190 92
9124 10032 190 91
9156 10040 190 88
9161 10048 190 90
9163 10056 190 90
9178 10064 190 89
9150 10072 190 89
9226 10080 190 89
9182 10088 190 88
9190 10096 190 88
9188 10104 190 91
9241 10112 190 91
9239 10120 190 92
9208 10128 190 94
9249 10136 190 90
9249 10144 190 91
9238 10152 190 94
9272 10160 190 89
9283 10168 190 90
9272 10176 190 91
9269 10184 190 93
9298 10192 190 92
9294 10200 190 90
9289 10208 190 92
9322 10216 190 90
9332 10224 190 90
9332 10232 190 90
9304 10240 190 94
9334 10248 190 92
9340 10256 190 95
9332 10264 190 89
9352 10272 190 91
9364 10280 190 91
9364 10288 190 95
9373 10296 190 94
9384 10304 190 92
9358 10312 190 91
9404 10320 190 92
9373 10328 190 94
9408 10336 190 88
9414 10344 190 92
9408 10352 190 94
9416 10360 190 94
9440 10368 190 97
9448 10376 190 91
9465 10384 190 91
9444 10392 190 93
9483 10400 190 94
9451 10408 190 93
9456 10416 190 94
9492 10424 190 93
9472 10432 190 92
9513 10440 190 92
9513 10448 190 92
9494 10456 190 91
9512 10464 190 93
9503 10472 190 91
9540 10480 190 96
9542 10488 190 95
9530 10496 190 94
9559 10504 190 95
9561 10512 190 94
9577 10520 190 93
9574 10528 190 92
9561 10536 190 97
9572 10544 190 92
9624 10552 190 95
9619 10560 190 95
9618 10568 190 96
9610 10576 190 94
9646 10584 190 93
9639 10592 190 93
9645 10600 190 95
9643 10608 190 98
9668 10616 190 92
9666 10624 190 97
9633 10632 190 96
9664 10640 190 92
9669 10648 190 95
9694 10656 190 94
9709 10664 190 93
9670 10672 190 94
9695 10680 190 97
9696 10688 190 97
9736 10696 190 94
9724 10704 190 96
9714 10712 190 95
9769 10720 190 98
9742 10728 190 93
9749 10736 190 96
9723 10744 190 94
9760 10752 190 98
9756 10760 190 94
9791 10768 190 96
9771 10776 190 92
9778 10784 190 97
9823 10792 190 98
9799 10800 190 96
9797 10808 190 97
9822 10816 190 97
9823 10824 190 98
9853 10832 190 96
9795 10840 190 98
9811 10848 190 92
9837 10856 190 96
9883 10864 190 98
9836 10872 190 97
9897 10880 190 96
9866 10888 190 97
9892 10896 190 99
9880 10904 190 99
9918 10912 190 102
9879 10920 190 97
9910 10928 190 97
9905 10936 190 96
9916 10944 190 97
9915 10952 190 95
9916 10960 190 98
9943 10968 190 92
9970 10976 190 96
9909 10984 190 100
9941 10992 190 97
9940 11000 190 100
10001 11008 190 97
9956 11016 190 97
10009 11024 190 100
9985 11032 190 93
10017 11040 190 98
9993 11048 190 97
9991 11056 190 99
10039 11064 190 98
10011 11072 190 99
10036 11080 190 101
10010 11088 190 97
10047 11096 190 100
10093 11104 190 99
10038 11112 190 97
10069 11120 190 98
10079 11128 190 98
10063 11136 190 100
10096 11144 190 101
10074 11152 190 97
10093 11160 190 101
10110 11168 190 97
10124 11176 190 102
10107 11184 190 98
10117 11192 190 101
10098 11200 190 98
10132 11208 190 100
10144 11216 190 97
10127 11224 190 98
10167 11232 190 102
10165 11240 190 99
10166 11248 190 97
10148 11256 190 99
10196 11264 190 101
10212 11272 190 98
10169 11280 190 102
10200 11288 190 101
10234 11296 190 103
10227 11304 190 100
10180 11312 190 101
10246 11320 190 101
10229 11328 190 101
10217 11336 190 99
10241 11344 190 98
10258 11352 190 101
10273 11360 190 97
10289 11368 190 103
10306 11376 190 100
10297 11384 190 104
10334 11392 190 99
10310 11400 190 101
10318 11408 190 100
10321 11416 190 96
10322 11424 190 102
10329 11432 190 98
10346 11440 190 100
10344 11448 190 101
10341 11456 190 102
10363 11464 190 100
10373 11472 190 103
10355 11480 190 102
10390 11488 190 103
10391 11496 190 102
10384 11504 190 100
10377 11512 190 102
10367 11520 190 101
10410 11528 190 103
10429 11536 190 101
10422 11544 190 101
10397 11552 190 102
10443 11560 190 100
10449 11568 190 99
10425 11576 190 124
10456 11584 190 103
10466 11592 190 103
10451 11600 190 104
10472 11608 190 103
10507 11616 190 103
10477 11624 190 105
10481 11632 190 100
10505 11640 190 103
10496 11648 190 99
10483 11656 190 105
10527 11664 190 104
10509 11672 190 105
10558 11680 190 103
10550 11688 190 103
10554 11696 190 100
10545 11704 190 103
10570 11712 190 104
10554 11720 190 99
10557 11728 190 100
10581 11736 190 101
10616 11744 190 106
10579 11752 190 101
10612 11760 190 102
10583 11768 190 104
10585 11776 190 104
10633 11784 190 103
10644 11792 190 106
10653 11800 190 104
10638 11808 190 107
10670 11816 190 104
10671 11824 190 107
10624 11832 190 104
10687 11840 190 103
10673 11848 190 123
10677 11856 190 107
10651 11864 190 103
10708 11872 190 104
10694 11880 190 104
10712 11888 190 103
10713 11896 190 103
10731 11904 190 104
10745 11912 190 105
10791 11920 190 100
10742 11928 190 104
10715 11936 190 105
10755 11944 190 107
10765 11952 190 103
10771 11960 190 104
10753 11968 190 106
10773 11976 190 106
10776 11984 190 107
10777 11992 190 105
10817 12000 190 106
10806 12008 190 105
10806 12016 190 109
10814 12024 190 106
10817 12032 190 105
10864 12040 190 103
10830 12048 190 106
10886 12056 190 105
10863 12064 190 109
10852 12072 190 106
10905 12080 190 103
10862 12088 190 106
10862 12096 190 106
10905 12104 190 105
10883 12112 190 107
10890 12120 190 105
10869 12128 190 108
10903 12136 190 110
10927 12144 190 103
10885 12152 190 108
10931 12160 190 105
10953 12168 190 107
10960 12176 190 107
10971 12184 190 107
10939 12192 190 108
10947 12200 190 110
10996 12208 190 106
10983 12216 190 105
11024 12224 190 107
11009 12232 190 106
11003 12240 190 108
11014 12248 190 105
11007 12256 190 109
11015 12264 190 110
11012 12272 190 105
11047 12280 190 108
11046 12288 190 104
11024 12296 190 111
11048 12304 190 107
11083 12312 190 106
11061 12320 190 105
11051 12328 190 110
11045 12336 190 105
11129 12344 190 107
11103 12352 190 105
11078 12360 190 110
11079 12368 190 105
11094 12376 190 107
11114 12384 190 110
11115 12392 190 114
11124 12400 190 109
11125 12408 190 107
11169 12416 190 106
11153 12424 190 110
11216 12432 190 104
11178 12440 190 111
11143 12448 190 109
11187 12456 190 107
11218 12464 190 106
11209 12472 190 108
11208 12480 190 110
11154 12488 190 111
11190 12496 190 113
11211 12504 190 106
11253 12512 190 110
11217 12520 190 108
11212 12528 190 111
11246 12536 190 110
11259 12544 190 108
11270 12552 190 110
11287 12560 190 107
11271 12568 190 111
11271 12576 190 110
11288 12584 190 110
11311 12592 190 111
11263 12600 190 111
11328 12608 190 107
11328 12616 190 110
11301 12624 190 114
11313 12632 190 111
11297 12640 190 109
11318 12648 190 112
11312 12656 190 110
11338 12664 190 112
11358 12672 190 111
11350 12680 190 112
11393 12688 190 106
11400 12696 190 112
11403 12704 190 111
11360 12712 190 112
11397 12720 190 111
11413 12728 190 112
11407 12736 190 109
11413 12744 190 112
11368 12752 190 111
11463 12760 190 109
11434 12768 190 110
11434 12776 190 109
11469 12784 190 112
11437 12792 190 113
11503 12800 190 115
11433 12808 190 110
11471 12816 190 112
11513 12824 190 116
11499 12832 190 109
11497 12840 190 114
11532 12848 190 112
11492 12856 190 111
11529 12864 190 114
11526 12872 190 108
11557 12880 190 115
11497 12888 190 114
11580 12896 190 113
11511 12904 190 113
11591 12912 190 110
11574 12920 190 111
11601 12928 190 115
11607 12936 190 111
11603 12944 190 113
11599 12952 190 112
11601 12960 190 113
11591 12968 190 115
11569 12976 190 113
11638 12984 190 114
11601 12992 190 113
11643 13000 190 109
11615 13008 190 112
11617 13016 190 114
11627 13024 190 114
11645 13032 190 113
11673 13040 190 113
11671 13048 190 111
11699 13056 190 111
11695 13064 190 114
11693 13072 190 116
11668 13080 190 118
11682 13088 190 113
11715 13096 190 115
11706 13104 190 116
11718 13112 190 113
11714 13120 190 115
11742 13128 190 115
11719 13136 190 113
11756 13144 190 111
11761 13152 190 114
11741 13160 190 111
11804 13168 190 112
11801 13176 190 115
11740 13184 190 115
11788 13192 190 115
11783 13200 190 115
11812 13208 190 113
11821 13216 190 113
11804 13224 190 112
11853 13232 190 113
11811 13240 190 166
11848 13248 190 124
11842 13256 190 124
11862 13264 190 137
11822 13272 190 117
11855 13280 190 117
11854 13288 190 119
11856 13296 190 116
11894 13304 190 118
11870 13312 190 118
11886 13320 190 128
11881 13328 190 121
11928 13336 190 119
11909 13344 190 119
11953 13352 190 123
11941 13360 190 120
11931 13368 190 118
11962 13376 190 123
11967 13384 190 123
11993 13392 190 124
12012 13400 190 130
11977 13408 190 133
12015 13416 190 117
11996 13424 190 118
11984 13432 190 118
12018 13440 190 118
12020 13448 190 119
11995 13456 190 116
12020 13464 190 124
12012 13472 190 116
12082 13480 190 119
11999 13488 190 121
12061 13496 190 115
12053 13504 190 121
12086 13512 190 117
12075 13520 190 117
12059 13528 190 123
12048 13536 190 123
12109 13544 190 117
12097 13552 190 117
12084 13560 190 117
12115 13568 190 117
12101 13576 190 120
12172 13584 190 122
12120 13592 190 119
12153 13600 190 118
12177 13608 190 129
12140 13616 190 123
12152 13624 190 117
12144 13632 190 118
12169 13640 190 126
12182 13648 190 116
12183 13656 190 118
12209 13664 190 118
12195 13672 190 120
12205 13680 190 118
12175 13688 190 124
12216 13696 190 161
12205 13704 190 131
12229 13712 190 118
12217 13720 190 118
12245 13728 190 116
12224 13736 190 119
12255 13744 190 117
12265 13752 190 121
12273 13760 190 115
12288 13768 190 124
12245 13776 190 121
12283 13784 190 124
12236 13792 190 120
12249 13800 190 121
12311 13808 190 120
12321 13816 190 123
12295 13824 190 126
12340 13832 190 130
12330 13840 190 136
12367 13848 190 139
12354 13856 190 133
12338 13864 190 136
12380 13872 190 128
12373 13880 190 133
12367 13888 190 129
12368 13896 190 129
12380 13904 190 137
12413 13912 190 130
12374 13920 190 140
12418 13928 190 134
12413 13936 190 135
12429 13944 190 134
12406 13952 190 133
12430 13960 190 139
12469 13968 190 128
12458 13976 190 134
12477 13984 190 125
12439 13992 190 128
12439 14000 190 140
12439 14008 190 135
12491 14016 190 148
12491 14024 190 153
12472 14032 190 141
12511 14040 190 154
12500 14048 190 158
12526 14056 190 171
12465 14064 190 150
12524 14072 190 149
12498 14080 190 153
12544 14088 190 147
12557 14096 190 144
12548 14104 190 147
12584 14112 190 145
12567 14120 190 151
12587 14128 190 158
12611 14136 190 149
12610 14144 190 168
12577 14152 190 171
12586 14160 190 170
12580 14168 190 158
12626 14176 190 142
12609 14184 190 156
12599 14192 190 148
12633 14200 190 144
12651 14208 190 157
12666 14216 190 154
12634 14224 190 148
12658 14232 190 142
12686 14240 190 138
12639 14248 190 146
12676 14256 190 155
12680 14264 190 144
12648 14272 190 141
12700 14280 190 155
12752 14288 190 148
12727 14296 190 158
12747 14304 190 171
12717 14312 190 152
12726 14320 190 158
12784 14328 190 145
12749 14336 190 142
12728 14344 190 145
12784 14352 190 144
12757 14360 190 148
12735 14368 190 168
12794 14376 190 153
12795 14384 190 149
12797 14392 190 138
12807 14400 190 142
12804 14408 190 134
12820 14416 190 143
12803 14424 190 154
12825 14432 190 155
12782 14440 190 156
12830 14448 190 162
12856 14456 190 157
12893 14464 190 152
12840 14472 190 156
12867 14480 190 169
12874 14488 190 161
12881 14496 190 149
12869 14504 190 148
12873 14512 190 170
12909 14520 190 145
12901 14528 190 140
12889 14536 190 157
12951 14544 190 142
12940 14552 190 138
12940 14560 190 138
12936 14568 190 135
12953 14576 190 139
12921 14584 190 136
12980 14592 190 136
12996 14600 190 138
12998 14608 190 143
12980 14616 190 146
12918 14624 190 158
12997 14632 190 160
13031 14640 190 149
13013 14648 190 144
13014 14656 190 136
13001 14664 190 140
13027 14672 190 145
13034 14680 190 135
13078 14688 190 143
13039 14696 190 153
13067 14704 190 156
13060 14712 190 156
13121 14720 190 153
13070 14728 190 177
13101 14736 190 149
13055 14744 190 150
13091 14752 190 140
13079 14760 190 148
13153 14768 190 148
13108 14776 190 143
13138 14784 190 145
13137 14792 190 154
13144 14800 190 163
13092 14808 190 159
13147 14816 190 156
13151 14824 190 165
13156 14832 190 159
13160 14840 190 143
13157 14848 190 156
13161 14856 190 173
13192 14864 190 159
13164 14872 190 150
13202 14880 190 168
13205 14888 190 158
13234 14896 190 143
13253 14904 190 145
13253 14912 190 125
13248 14920 190 140
13234 14928 190 131
13224 14936 190 145
13248 14944 190 127
13237 14952 190 126
13261 14960 190 125
13293 14968 190 125
13248 14976 190 129
13302 14984 190 127
13260 14992 190 135
13319 15000 190 125
13320 15008 190 127
13299 15016 190 130
13341 15024 190 131
13334 15032 190 125
13359 15040 190 128
13318 15048 190 125
13343 15056 190 124
13361 15064 190 129
13358 15072 190 129
13344 15080 190 133
13380 15088 190 125
13413 15096 190 130
13391 15104 190 128
13361 15112 190 126
13441 15120 190 128
13419 15128 190 128
13428 15136 190 131
13416 15144 190 126
13400 15152 190 133
13418 15160 190 128
13446 15168 190 128
13474 15176 190 128
13428 15184 190 131
13445 15192 190 132
13419 15200 190 129
13450 15208 190 126
13475 15216 190 131
13496 15224 190 127
13503 15232 190 130
13488 15240 190 130
13524 15248 190 129
13514 15256 190 126
13517 15264 190 127
13532 15272 190 129
13527 15280 190 127
13542 15288 190 128
13539 15296 190 130
13541 15304 190 130
13538 15312 190 131
13532 15320 190 132
13613 15328 190 131
13563 15336 190 128
13566 15344 190 134
13601 15352 190 128
13580 15360 190 130
13636 15368 190 130
13617 15376 190 130
13618 15384 190 128
13599 15392 190 131
13635 15400 190 131
13649 15408 190 133
13685 15416 190 128
13663 15424 190 127
13652 15432 190 130
13643 15440 190 132
13669 15448 190 134
13669 15456 190 131
13659 15464 190 132
13697 15472 190 135
13693 15480 190 128
13740 15488 190 132
13701 15496 190 131
13739 15504 190 131
13719 15512 190 133
13723 15520 190 134
13734 15528 190 132
13765 15536 190 131
13745 15544 190 131
13747 15552 190 131
13770 15560 190 129
13754 15568 190 134
13765 15576 190 130
13790 15584 190 134
13768 15592 190 135
13782 15600 190 130
13854 15608 190 129
13812 15616 190 128
13842 15624 190 134
13790 15632 190 132
13844 15640 190 133
13842 15648 190 130
13837 15656 190 131
13863 15664 190 136
13893 15672 190 131
13878 15680 190 133
13878 15688 190 129
13884 15696 190 130
13856 15704 190 131
13905 15712 190 133
13905 15720 190 135
13967 15728 190 128
13939 15736 190 131
13907 15744 190 131
13954 15752 190 127
13934 15760 190 137
13958 15768 190 131
13940 15776 190 135
13956 15784 190 133
13959 15792 190 130
13959 15800 190 138
13947 15808 190 134
13998 15816 190 132
14002 15824 190 134
13998 15832 190 134
14033 15840 190 132
14014 15848 190 135
13996 15856 190 133
13993 15864 190 136
14029 15872 190 132
14060 15880 190 132
14067 15888 190 134
14014 15896 190 136
14047 15904 190 135
14064 15912 190 131
14007 15920 190 133
14054 15928 190 137
14097 15936 190 133
14096 15944 190 135
14080 15952 190 136
14097 15960 190 133
14138 15968 190 130
14121 15976 190 136
14059 15984 190 136
14113 15992 190 135
14113 16000 190 132
14169 16008 190 134
14146 16016 190 131
14161 16024 190 134
14169 16032 190 136
14145 16040 190 135
14153 16048 190 135
14155 16056 190 137
14174 16064 190 134
14191 16072 190 140
14192 16080 190 132
14247 16088 190 135
14219 16096 190 134
14205 16104 190 139
14251 16112 190 133
14259 16120 190 132
14289 16128 190 135
14249 16136 190 132
14296 16144 190 134
14297 16152 190 133
14266 16160 190 137
14247 16168 190 138
14259 16176 190 136
14294 16184 190 135
14304 16192 190 139
14326 16200 190 134
14347 16208 190 134
14304 16216 190 138
14349 16224 190 134
14315 16232 190 138
14296 16240 190 139
14374 16248 190 135
14345 16256 190 135
14367 16264 190 136
14398 16272 190 141
14364 16280 190 137
14363 16288 190 135
14354 16296 190 139
14373 16304 190 140
14374 16312 190 137
14414 16320 190 138
14402 16328 190 138
14440 16336 190 142
14420 16344 190 138
14462 16352 190 136
14458 16360 190 134
14477 16368 190 137
14419 16376 190 153
14450 16384 190 138
14436 16392 190 135
14480 16400 190 140
14472 16408 190 136
14486 16416 190 137
14491 16424 190 140
14510 16432 190 136
14494 16440 190 135
14530 16448 190 135
14539 16456 190 135
14510 16464 190 142
14537 16472 190 140
14513 16480 190 139
14545 16488 190 135
14548 16496 190 137
14573 16504 190 139
14576 16512 190 139
14590 16520 190 139
14574 16528 190 135
14614 16536 190 140
14600 16544 190 134
14561 16552 190 138
14578 16560 190 139
14577 16568 190 142
14605 16576 190 136
14620 16584 190 137
14633 16592 190 145
14635 16600 190 141
14635 16608 190 141
14656 16616 190 144
14633 16624 190 140
14704 16632 190 138
14688 16640 190 137
14706 16648 190 138
14681 16656 190 139
14694 16664 190 137
14654 16672 190 140
14677 16680 190 145
14701 16688 190 140
14660 16696 190 142
14712 16704 190 140
14729 16712 190 139
14708 16720 190 143
14775 16728 190 142
14738 16736 190 138
14772 16744 190 139
14734 16752 190 140
14784 16760 190 142
14781 16768 190 144
14759 16776 190 140
14828 16784 190 140
14800 16792 190 144
14817 16800 190 139
14828 16808 190 140
14837 16816 190 136
14831 16824 190 143
14796 16832 190 140
14838 16840 190 142
14888 16848 190 137
14853 16856 190 142
14861 16864 190 138
14836 16872 190 142
14875 16880 190 140
14919 16888 190 137
14884 16896 190 144
14910 16904 190 140
14885 16912 190 139
14849 16920 190 143
14933 16928 190 139
14943 16936 190 143
14954 16944 190 138
14918 16952 190 143
14962 16960 190 138
14894 16968 190 145
14945 16976 190 142
14937 16984 190 142
14947 16992 190 140
14983 17000 190 140
15003 17008 190 142
14943 17016 190 143
14982 17024 190 145
15040 17032 190 138
14997 17040 190 141
14995 17048 190 140
14994 17056 190 140
15028 17064 190 146
15036 17072 190 145
15005 17080 190 140
15030 17088 190 140
15058 17096 190 147
15063 17104 190 141
15070 17112 190 142
15077 17120 190 139
15053 17128 190 139
15089 17136 190 144
15058 17144 190 144
15085 17152 190 144
15095 17160 190 145
15119 17168 190 145
15151 17176 190 140
15111 17184 190 145
15163 17192 190 141
15136 17200 190 143
15152 17208 190 144
15140 17216 190 142
15167 17224 190 141
15143 17232 190 141
15156 17240 190 143
15186 17248 190 143
15164 17256 190 144
15214 17264 190 138
15172 17272 190 146
15208 17280 190 142
15208 17288 190 145
15232 17296 190 142
15197 17304 190 146
15231 17312 190 144
15216 17320 190 146
15225 17328 190 140
15263 17336 190 144
15308 17344 190 147
15272 17352 190 141
15269 17360 190 148
15277 17368 190 144
15290 17376 190 145
15286 17384 190 146
15292 17392 190 143
15320 17400 190 144
15275 17408 190 144
15342 17416 190 146
15320 17424 190 141
15383 17432 190 144
15338 17440 190 145
15333 17448 190 145
15334 17456 190 143
15318 17464 190 146
15340 17472 190 141
15333 17480 190 145
15416 17488 190 142
15387 17496 190 141
15353 17504 190 145
15420 17512 190 146
15388 17520 190 145
15394 17528 190 143
15412 17536 190 146
15454 17544 190 143
15449 17552 190 145
15434 17560 190 145
15459 17568 190 146
15451 17576 190 143
15496 17584 190 148
15457 17592 190 145
15498 17600 190 143
15441 17608 190 147
15475 17616 190 150
15519 17624 190 143
15510 17632 190 155
15487 17640 190 148
15519 17648 190 147
15518 17656 190 143
15495 17664 190 149
15522 17672 190 149
15538 17680 190 145
15569 17688 190 148
15555 17696 190 145
15541 17704 190 144
15574 17712 190 147
15554 17720 190 147
15598 17728 190 143
15589 17736 190 146
15605 17744 190 144
15591 17752 190 145
15617 17760 190 144
15585 17768 190 148
15619 17776 190 147
15636 17784 190 151
15615 17792 190 148
15643 17800 190 145
15653 17808 190 150
15663 17816 190 148
15672 17824 190 147
15650 17832 190 144
15704 17840 190 144
15664 17848 190 149
15663 17856 190 150
15679 17864 190 145
15681 17872 190 146
15680 17880 190 151
15688 17888 190 146
15732 17896 190 146
15739 17904 190 152
15712 17912 190 144
15742 17920 190 147
15743 17928 190 149
15691 17936 190 147
15816 17944 190 147
15775 17952 190 154
15779 17960 190 146
15745 17968 190 146
15781 17976 190 149
15832 17984 190 147
15774 17992 190 151
15824 18000 190 152
15843 18008 190 151
15858 18016 190 146
15806 18024 190 147
15787 18032 190 149
15855 18040 190 148
15844 18048 190 150
15880 18056 190 145
15870 18064 190 153
15837 18072 190 155
15866 18080 190 148
15881 18088 190 147
15913 18096 190 149
15886 18104 190 149
15934 18112 190 149
15884 18120 190 149
15899 18128 190 148
15939 18136 190 148
15921 18144 190 152
15949 18152 190 149
15932 18160 190 152
15932 18168 190 150
15951 18176 190 148
15982 18184 190 145
15920 18192 190 154
15974 18200 190 150
15997 18208 190 149
16024 18216 190 150
15966 18224 190 150
15981 18232 190 151
16006 18240 190 146
16031 18248 190 155
16033 18256 190 149
16012 18264 190 147
16002 18272 190 153
16014 18280 190 146
15986 18288 190 149
16075 18296 190 152
16056 18304 190 149
16124 18312 190 149
16074 18320 190 151
16052 18328 190 150
16050 18336 190 149
16105 18344 190 151
16080 18352 190 150
16073 18360 190 155
16127 18368 190 152
16101 18376 190 153
16132 18384 190 149
16090 18392 190 149
16186 18400 190 156
16168 18408 190 150
16171 18416 190 147
16157 18424 190 155
16203 18432 190 148
16143 18440 190 151
16165 18448 190 151
16176 18456 190 150
16220 18464 190 150
16210 18472 190 158
16205 18480 190 156
16186 18488 190 153
16231 18496 190 153
16194 18504 190 152
16224 18512 190 153
16255 18520 190 154
16256 18528 190 150
16238 18536 190 157
16269 18544 190 154
16242 18552 190 151
16248 18560 190 150
16254 18568 190 155
16276 18576 190 157
16292 18584 190 151
16340 18592 190 153
16277 18600 190 158
16365 18608 190 153
16319 18616 190 155
16306 18624 190 153
16337 18632 190 154
16399 18640 190 155
16330 18648 190 157
16326 18656 190 153
16358 18664 190 152
16375 18672 190 155
16398 18680 190 151
16374 18688 190 156
16420 18696 190 152
16406 18704 190 151
16400 18712 190 152
16405 18720 190 150
16427 18728 190 154
16414 18736 190 151
16369 18744 190 156
16451 18752 190 150
16447 18760 190 154
16452 18768 190 155
16453 18776 190 153
16452 18784 190 153
16472 18792 190 156
16440 18800 190 157
16494 18808 190 152
16438 18816 190 153
16523 18824 190 159
16510 18832 190 153
16486 18840 190 155
16497 18848 190 153
16497 18856 190 158
16529 18864 190 153
16585 18872 190 154
16566 18880 190 152
16543 18888 190 155
16556 18896 190 154
16567 18904 190 154
16549 18912 190 153
16537 18920 190 155
16600 18928 190 158
16522 18936 190 155
16579 18944 190 153
16633 18952 190 156
16609 18960 190 155
16595 18968 190 154
16611 18976 190 152
16630 18984 190 153
16617 18992 190 158
16660 19000 190 150
16644 19008 190 154
16617 19016 190 158
16676 19024 190 150
16677 19032 190 156
16645 19040 190 159
16701 19048 190 157
16665 19056 190 159
16720 19064 190 155
16756 19072 190 154
16702 19080 190 158
16672 19088 190 160
16673 19096 190 160
16737 19104 190 160
16727 19112 190 156
16779 19120 190 157
16718 19128 190 157
16748 19136 190 153
16711 19144 190 155
16806 19152 190 158
16814 19160 190 154
16758 19168 190 158
16800 19176 190 161
16800 19184 190 154
16781 19192 190 159
16784 19200 190 156
16774 19208 190 159
16801 19216 190 155
16832 19224 190 156
16787 19232 190 157
16828 19240 190 157
16905 19248 190 154
16848 19256 190 159
16849 19264 190 157
16893 19272 190 162
16892 19280 190 156
16862 19288 190 156
16869 19296 190 158
16907 19304 190 156
16909 19312 190 157
16906 19320 190 159
16909 19328 190 160
16915 19336 190 157
16913 19344 190 160
16898 19352 190 157
16861 19360 190 160
16926 19368 190 157
16933 19376 190 160
16935 19384 190 159
17008 19392 190 160
16967 19400 190 161
16954 19408 190 162
17021 19416 190 157
16981 19424 190 158
16979 19432 190 158
17034 19440 190 161
17013 19448 190 159
17026 19456 190 160
16977 19464 190 164
17038 19472 190 162
17054 19480 190 159
17029 19488 190 158
17002 19496 190 159
17068 19504 190 159
17038 19512 190 159
17054 19520 190 161
17060 19528 190 161
17130 19536 190 157
17073 19544 190 161
17096 19552 190 161
17077 19560 190 158
17092 19568 190 161
17100 19576 190 166
17109 19584 190 157
17164 19592 190 157
17112 19600 190 164
17148 19608 190 158
17213 19616 190 161
17164 19624 190 157
17141 19632 190 161
17167 19640 190 161
17203 19648 190 156
17201 19656 190 157
17171 19664 190 163
17200 19672 190 158
17224 19680 190 161
17192 19688 190 160
17225 19696 190 162
17206 19704 190 161
17290 19712 190 159
17227 19720 190 161
17247 19728 190 159
17255 19736 190 163
17263 19744 190 165
17263 19752 190 164
17237 19760 190 159
17277 19768 190 160
17226 19776 190 158
17278 19784 190 160
17328 19792 190 158
17324 19800 190 159
17296 19808 190 158
17310 19816 190 162
17320 19824 190 161
17343 19832 190 159
17318 19840 190 163
17328 19848 190 161
17357 19856 190 158
17331 19864 190 162
17353 19872 190 160
17411 19880 190 160
17399 19888 190 162
17376 19896 190 165
17343 19904 190 159
17405 19912 190 161
17371 19920 190 166
17408 19928 190 162
17406 19936 190 162
17366 19944 190 162
17400 19952 190 162
17468 19960 190 161
17460 19968 190 166
17452 19976 190 163
17468 19984 190 163
17496 19992 190 164
17474 20000 190 162
17474 20008 190 162
17480 20016 190 164
17499 20024 190 158
17456 20032 190 160
17493 20040 190 164
17558 20048 190 161
17525 20056 190 161
17489 20064 190 161
17538 20072 190 167
17516 20080 190 161
17560 20088 190 165
17541 20096 190 158
17584 20104 190 161
17557 20112 190 161
17585 20120 190 160
17592 20128 190 163
17595 20136 190 163
17609 20144 190 162
17585 20152 190 162
17611 20160 190 170
17642 20168 190 164
17583 20176 190 166
17608 20184 190 162
17576 20192 190 162
17675 20200 190 159
17625 20208 190 166
17675 20216 190 165
17663 20224 190 164
17686 20232 190 165
17683 20240 190 160
17665 20248 190 164
17689 20256 190 165
17653 20264 190 164
17737 20272 190 164
17710 20280 190 167
17701 20288 190 165
17772 20296 190 162
17685 20304 190 166
17747 20312 190 164
17730 20320 190 174
17799 20328 190 164
17745 20336 190 161
17747 20344 190 162
17803 20352 190 166
17762 20360 190 166
17732 20368 190 164
17810 20376 190 165
17795 20384 190 166
17812 20392 190 163
17750 20400 190 164
17797 20408 190 165
17831 20416 190 164
17793 20424 190 165
17807 20432 190 164
17848 20440 190 163
17817 20448 190 165
17810 20456 190 164
17826 20464 190 165
17890 20472 190 169
17862 20480 190 168
17908 20488 190 161
17841 20496 190 165
17925 20504 190 164
17857 20512 190 166
17875 20520 190 162
17891 20528 190 162
17929 20536 190 166
17877 20544 190 169
17899 20552 190 164
17947 20560 190 168
17946 20568 190 167
17917 20576 190 166
17948 20584 190 166
17962 20592 190 169
17966 20600 190 169
17990 20608 190 166
18004 20616 190 165
17978 20624 190 168
18014 20632 190 166
17967 20640 190 167
18036 20648 190 163
18019 20656 190 164
18027 20664 190 171
18018 20672 190 165
18037 20680 190 164
18035 20688 190 165
18030 20696 190 169
18027 20704 190 168
18034 20712 190 166
18096 20720 190 168
18080 20728 190 171
18091 20736 190 169
18121 20744 190 165
18103 20752 190 167
18116 20760 190 167
18110 20768 190 168
18110 20776 190 164
18114 20784 190 166
18138 20792 190 170
18186 20800 190 164
18164 20808 190 164
18126 20816 190 168
18180 20824 190 167
18183 20832 190 167
18144 20840 190 168
18172 20848 190 169
18229 20856 190 165
18186 20864 190 169
18196 20872 190 167
18222 20880 190 166
18218 20888 190 168
18243 20896 190 170
18237 20904 190 165
18229 20912 190 168
18227 20920 190 169
18279 20928 190 167
18261 20936 190 169
18271 20944 190 174
18256 20952 190 168
18209 20960 190 175
18263 20968 190 169
18262 20976 190 167
18314 20984 190 168
18276 20992 190 166
18276 21000 190 167
18301 21008 190 168
18336 21016 190 165
18296 21024 190 169
18329 21032 190 167
18340 21040 190 169
18366 21048 190 169
18325 21056 190 175
18367 21064 190 174
18335 21072 190 170
18337 21080 190 172
18336 21088 190 168
18369 21096 190 167
18399 21104 190 168
18395 21112 190 169
18414 21120 190 172
18422 21128 190 172
18437 21136 190 173
18433 21144 190 172
18386 21152 190 171
18411 21160 190 174
18446 21168 190 171
18471 21176 190 168
18437 21184 190 168
18488 21192 190 171
18446 21200 190 169
18489 21208 190 169
18479 21216 190 170
18491 21224 190 172
18470 21232 190 173
18509 21240 190 169
18490 21248 190 169
18518 21256 190 171
18506 21264 190 170
18544 21272 190 169
18522 21280 190 172
18531 21288 190 173
18527 21296 190 170
18549 21304 190 173
18572 21312 190 172
18565 21320 190 169
18584 21328 190 172
18576 21336 190 172
18596 21344 190 182
18591 21352 190 171
18586 21360 190 168
18640 21368 190 174
18668 21376 190 168
18639 21384 190 171
18596 21392 190 174
18616 21400 190 176
18590 21408 190 173
18647 21416 190 172
18652 21424 190 170
18672 21432 190 170
18697 21440 190 176
18657 21448 190 172
18636 21456 190 174
18672 21464 190 172
18668 21472 190 174
18761 21480 190 173
18684 21488 190 172
18709 21496 190 169
18715 21504 190 172
18702 21512 190 176
18727 21520 190 174
18726 21528 190 174
18750 21536 190 168
18724 21544 190 175
18761 21552 190 172
18800 21560 190 172
18759 21568 190 175
18803 21576 190 171
18738 21584 190 173
18842 21592 190 169
18763 21600 190 174
18821 21608 190 169
18819 21616 190 175
18801 21624 190 176
18866 21632 190 175
18785 21640 190 172
18859 21648 190 176
18781 21656 190 175
18835 21664 190 176
18837 21672 190 172
18902 21680 190 175
18917 21688 190 172
18918 21696 190 175
18938 21704 190 171
18881 21712 190 173
18896 21720 190 174
18918 21728 190 175
18920 21736 190 175
18948 21744 190 175
18966 21752 190 172
18941 21760 190 177
18967 21768 190 171
18934 21776 190 177
18930 21784 190 179
18916 21792 190 178
18931 21800 190 175
18987 21808 190 176
18999 21816 190 173
19045 21824 190 175
19010 21832 190 175
19000 21840 190 176
19005 21848 190 172
18997 21856 190 177
19006 21864 190 181
18970 21872 190 175
19051 21880 190 176
19037 21888 190 179
19037 21896 190 173
19020 21904 190 178
19043 21912 190 176
19005 21920 190 177
19063 21928 190 172
19070 21936 190 178
19132 21944 190 172
19091 21952 190 171
19120 21960 190 176
19130 21968 190 170
19102 21976 190 178
19139 21984 190 173
19123 21992 190 178
19138 22000 190 173
19141 22008 190 178
19102 22016 190 178
19178 22024 190 175
19172 22032 190 174
19180 22040 190 174
19177 22048 190 177
19171 22056 190 175
19201 22064 190 177
19217 22072 190 174
19219 22080 190 175
19218 22088 190 179
19225 22096 190 177
19235 22104 190 175
19207 22112 190 175
19245 22120 190 180
19234 22128 190 182
19219 22136 190 176
19283 22144 190 173
19261 22152 190 177
19295 22160 190 176
19239 22168 190 180
19309 22176 190 174
19269 22184 190 179
19254 22192 190 175
19315 22200 190 176
19295 22208 190 179
19290 22216 190 173
19331 22224 190 176
19317 22232 190 177
19362 22240 190 176
19340 22248 190 181
19354 22256 190 178
19364 22264 190 179
19337 22272 190 175
19372 22280 190 179
19412 22288 190 177
19387 22296 190 177
19357 22304 190 179
19386 22312 190 178
19380 22320 190 176
19381 22328 190 178
19442 22336 190 174
19381 22344 190 179
19361 22352 190 180
19415 22360 190 176
19436 22368 190 184
19437 22376 190 176
19447 22384 190 182
19491 22392 190 179
19454 22400 190 179
19459 22408 190 184
19444 22416 190 177
19494 22424 190 173
19530 22432 190 173
19485 22440 190 179
19468 22448 190 179
19520 22456 190 177
19541 22464 190 182
19536 22472 190 179
19532 22480 190 179
19577 22488 190 179
19525 22496 190 180
19555 22504 190 183
19555 22512 190 179
19568 22520 190 180
19565 22528 190 179
19571 22536 190 179
19584 22544 190 181
19608 22552 190 182
19606 22560 190 178
19577 22568 190 180
19602 22576 190 181
19633 22584 190 180
19654 22592 190 183
19649 22600 190 180
19646 22608 190 177
19653 22616 190 183
19649 22624 190 179
19642 22632 190 177
19682 22640 190 180
19691 22648 190 177
19688 22656 190 179
19708 22664 190 183
19691 22672 190 181
19655 22680 190 180
19721 22688 190 177
19721 22696 190 180
19732 22704 190 181
19718 22712 190 180
19748 22720 190 182
19730 22728 190 178
19741 22736 190 182
19789 22744 190 182
19738 22752 190 182
19811 22760 190 179
19780 22768 190 180
19789 22776 190 180
19758 22784 190 181
19750 22792 190 183
19826 22800 190 177
19812 22808 190 180
19848 22816 190 182
19811 22824 190 180
19795 22832 190 179
19813 22840 190 179
19822 22848 190 182
19884 22856 190 180
19826 22864 190 180
19870 22872 190 177
19811 22880 190 181
19887 22888 190 180
19863 22896 190 186
19865 22904 190 179
19889 22912 190 184
19946 22920 190 183
19924 22928 190 180
19912 22936 190 178
19964 22944 190 182
19897 22952 190 181
19929 22960 190 181
19928 22968 190 185
19935 22976 190 182
19976 22984 190 178
19964 22992 190 181
19911 23000 190 186
19953 23008 190 184
19984 23016 190 182
19986 23024 190 180
20003 23032 190 181
20009 23040 190 184
19992 23048 190 184
20006 23056 190 177
20003 23064 190 180
20036 23072 190 185
20089 23080 190 182
20023 23088 190 185
20034 23096 190 180
20118 23104 190 182
20063 23112 190 182
20111 23120 190 180
20085 23128 190 183
20077 23136 190 184
20044 23144 190 183
20096 23152 190 182
20113 23160 190 180
20123 23168 190 183
20100 23176 190 182
20108 23184 190 183
20132 23192 190 187
20123 23200 190 181
20158 23208 190 186
20192 23216 190 186
20133 23224 190 185
20198 23232 190 184
20151 23240 190 180
20170 23248 190 213
20183 23256 190 183
20228 23264 190 184
20195 23272 190 185
20210 23280 190 180
20220 23288 190 185
20233 23296 190 183
20239 23304 190 186
20233 23312 190 186
20255 23320 190 186
20195 23328 190 186
20217 23336 190 186
20279 23344 190 183
20239 23352 190 187
20314 23360 190 184
20308 23368 190 182
20337 23376 190 184
20264 23384 190 187
20327 23392 190 181
20268 23400 190 188
20302 23408 190 189
20311 23416 190 184
20286 23424 190 184
20347 23432 190 183
20351 23440 190 185
20346 23448 190 186
20335 23456 190 186
20348 23464 190 184
20365 23472 190 184
20392 23480 190 184
20380 23488 190 188
20375 23496 190 188
20364 23504 190 190
20420 23512 190 182
20350 23520 190 187
20434 23528 190 187
20431 23536 190 185
20431 23544 190 187
20437 23552 190 187
20467 23560 190 185
20470 23568 190 185
20425 23576 190 191
20475 23584 190 184
20452 23592 190 185
20466 23600 190 190
20436 23608 190 188
20488 23616 190 185
20489 23624 190 187
20495 23632 190 188
20443 23640 190 191
20471 23648 190 189
20523 23656 190 187
20493 23664 190 184
20607 23672 190 183
20561 23680 190 184
20588 23688 190 186
20547 23696 190 192
20517 23704 190 187
20570 23712 190 188
20565 23720 190 192
20533 23728 190 187
20586 23736 190 190
20604 23744 190 186
20638 23752 190 185
20564 23760 190 185
20563 23768 190 186
20574 23776 190 190
20644 23784 190 185
20602 23792 190 181
20650 23800 190 189
20615 23808 190 187
20618 23816 190 188
20631 23824 190 194
20674 23832 190 186
20652 23840 190 188
20674 23848 190 188
20694 23856 190 187
20708 23864 190 188
20716 23872 190 185
20696 23880 190 184
20702 23888 190 194
20728 23896 190 188
20771 23904 190 189
20744 23912 190 189
20708 23920 190 188
20747 23928 190 187
20764 23936 190 186
20791 23944 190 188
20727 23952 190 187
20755 23960 190 192
20766 23968 190 189
20776 23976 190 190
20868 23984 190 183
20771 23992 190 188
