Start sorting
Array before sorting:9513 2540 9264 3193 7091 1399 2768 167 1594 5625 2514 2293 7525 9567 3363 5963 6838 332 823 6078 1412 5105 6813 79 8025 6462 2052 8097 2409 9671 4462 4160 1028 554 708 2897 8670 1728 1787 708 6029 1171 4421 3985 2162 1727 9178 7330 6444 4875 9657 9917 4441 3978 1066 9558 6639 333 4694 9378 9066 1723 4889 9902 1814 2484 6294 2065 656 6130 555 559 5608 369 2567 896 2106 1 2698 2352 3709 1194 5068 8 762 1743 6625 3934 8577 7413 8154 1768 8297 8342 4303 614 6791 689 6508 2961 
__________________________________________________________
Sort by insert subarray with index:0
9513 2540 9264 3193 7091 1399 2768 167 1594 5625 2514 2293 7525 9567 3363 5963 6838 332 823 6078 1412 5105 6813 79 8025 6462 2052 8097 2409 9671 4462 4160 1028 554 708 2897 8670 1728 1787 708 6029 1171 4421 3985 2162 1727 9178 7330 6444 4875 
__________________________________________________________
9671 9567 9513 9264 9178 8670 8097 8025 7525 7330 7091 6838 6813 6462 6444 6078 6029 5963 5625 5105 4462 4421 4160 3985 3363 3193 2897 2768 2540 2540 2514 2409 2293 2162 2052 1787 1728 1727 1594 1412 1399 1171 1028 823 708 708 554 332 167 79 
__________________________________________________________
Sort by insert subarray with index:1
9657 9917 4441 3978 1066 9558 6639 333 4694 9378 9066 1723 4889 9902 1814 2484 6294 2065 656 6130 555 559 5608 369 2567 896 2106 1 2698 2352 3709 1194 5068 8 762 1743 6625 3934 8577 7413 8154 1768 8297 8342 4303 614 6791 689 6508 2961 
__________________________________________________________
1 8 333 369 555 559 614 656 689 762 896 1066 1194 1723 1743 1768 1814 2065 2106 2352 2484 2567 2698 3709 3934 3978 4303 4441 4694 4889 5068 5608 6130 6294 6508 6625 6639 6791 7413 8154 8297 8342 8577 9066 9378 9558 9657 9902 9917 9917 
__________________________________________________________
Merging two subarrays
BeforeMerge:
First:1 8 333 369 555 559 614 656 689 762 896 1066 1194 1723 1743 1768 1814 2065 2106 2352 2484 2567 2698 3709 3934 3978 4303 4441 4694 4889 5068 5608 6130 6294 6508 6625 6639 6791 7413 8154 8297 8342 8577 9066 9378 9558 9657 9902 9917 9917 
Second:9671 9567 9513 9264 9178 8670 8097 8025 7525 7330 7091 6838 6813 6462 6444 6078 6029 5963 5625 5105 4462 4421 4160 3985 3363 3193 2897 2768 2540 2540 2514 2409 2293 2162 2052 1787 1728 1727 1594 1412 1399 1171 1028 823 708 708 554 332 167 79 
AfterMerge:
1 8 79 167 332 333 369 554 555 559 614 656 689 708 708 762 823 896 1028 1066 1171 1194 1399 1412 1594 1723 1727 1728 1743 1768 1787 1814 2052 2065 2106 2162 2293 2352 2409 2484 2514 2540 2540 2567 2698 2768 2897 3193 3363 3709 3934 3978 3985 4160 4303 4421 4441 4462 4694 4889 5068 5105 5608 5625 5963 6029 6078 6130 6294 6444 6462 6508 6625 6639 6791 6813 6838 7091 7330 7413 7525 8025 8097 8154 8297 8342 8577 8670 9066 9178 9264 9378 9513 9558 9567 9657 9671 9902 9917 9917 
End sorting
Array after sorting:1 8 79 167 332 333 369 554 555 559 614 656 689 708 708 762 823 896 1028 1066 1171 1194 1399 1412 1594 1723 1727 1728 1743 1768 1787 1814 2052 2065 2106 2162 2293 2352 2409 2484 2514 2540 2540 2567 2698 2768 2897 3193 3363 3709 3934 3978 3985 4160 4303 4421 4441 4462 4694 4889 5068 5105 5608 5625 5963 6029 6078 6130 6294 6444 6462 6508 6625 6639 6791 6813 6838 7091 7330 7413 7525 8025 8097 8154 8297 8342 8577 8670 9066 9178 9264 9378 9513 9558 9567 9657 9671 9902 9917 9917 
__________________________________________________________
